# -----------------------------------
# SAS_MoCa Version 1.4.0
# Fri Apr 24 11:07:30 2026
# -----------------------------------
datafile:	./data_pLUVs_POPC_OmpLA_PL600.dat
save-folder:	RES_POPC-PLUV600_01
qrange:	[0.005, 0.6]
model:	pLUV_POPC_OmpLA_RecBuf
temperature-init:	400
temperature-gain:	50
target-X2:	2.0
data-binning:	1
error-scale:	1
iterations:	100
processes:	24
plot-only:	False
state:	monomer
# -----------------------------------
# Probabilities of finding a quasimolecular group at a position z (Angstrom) (distance from the bilayer center).
# SLD column: SLD contrast (difference from suspension medium) as a function of z; unit Angstrom^-2.
# -----------------------------------
z	CH3	CH	CH2	CG	PCN	Chol	BW	SLD
0.0	0.3984635491132672	0.0011059836674006032	0.6004304292430819	6.859334962960323e-10	4.44454519367849e-15	1.5887641471124158e-12	1.8300598478317388e-08	-2.7727891906626266e-06
0.10098424102913155	0.3982857154886645	0.0012188251886179656	0.6004954203707672	9.065227263975577e-10	6.248845859575529e-15	2.017664927433108e-12	2.2965097865563297e-08	-2.7720556444701847e-06
0.2019684820582631	0.3977526906743065	0.0013417080800119234	0.6009055593228833	1.1957196229856032e-09	8.769394221482076e-15	2.5594528616726017e-12	2.8770053518797978e-08	-2.7699967831331727e-06
0.3029527230873946	0.3968659007251627	0.0014753618743053559	0.6016586903788368	1.5741060644559757e-09	1.2283911309699313e-14	3.243050432983275e-12	3.598166221466459e-08	-2.7666174274436324e-06
0.4039369641165262	0.39562771533483176	0.0016205520500731441	0.6027516781393845	2.06820032960752e-09	1.7175170096338424e-14	4.104580202035235e-12	4.492506839432897e-08	-2.7619258783283365e-06
0.5049212051456577	0.3940414372848049	0.0017780800929140111	0.6041804180076693	2.7120968184380225e-09	2.3969706590595923e-14	5.18910269991664e-12	5.599664341951858e-08	-2.7559338776122423e-06
0.6059054461747893	0.3921112877656268	0.0019487833559090916	0.6059398509953051	3.549537353269297e-09	3.339040490023376e-14	6.552760011802332e-12	6.967864291416521e-08	-2.7486565535774053e-06
0.7068896872039209	0.3898423876612615	0.0021335347005874677	0.6080239827806183	4.636521603499675e-09	4.642778337008041e-14	8.265416363726748e-12	8.655666040934929e-08	-2.7401123516674754e-06
0.8078739282330524	0.38724073491279976	0.002333241899546381	0.6104259069212815	6.044589325951139e-09	6.443643574405863e-14	1.0413906766990792e-11	1.073403635424287e-07	-2.7303229507798916e-06
0.9088581692621839	0.38431317810154614	0.0025488467819670124	0.6131378320994509	7.864937711112056e-09	8.926523784287157e-14	1.3106028597605857e-11	1.3288807152112962e-07	-2.7193131656762323e-06
1.0098424102913155	0.38106738641431714	0.002781324103541083	0.6161511132543126	1.0213574246588858e-08	1.2343278261654945e-13	1.647543969312225e-11	1.642358151483603e-07	-2.7071108361252916e-06
1.110826651320447	0.3775118161752797	0.003031680122793063	0.6194562864348269	1.3237750411225785e-08	1.7036327070389298e-13	2.068766108588822e-11	2.0263161459645126e-07	-2.693746703472561e-06
1.2118108923495785	0.37365567414870554	0.003300950866461474	0.6230431071845561	1.7123975666621858e-08	2.3470304021708453e-13	2.594742398371397e-11	2.495758121836981e-07	-2.6792542754033043e-06
1.31279513337871	0.3695088778354615	0.003590200067502621	0.6269005922509316	2.2107976327139153e-08	3.227444313597127e-13	3.250765038292392e-11	3.068684120915606e-07	-2.663669679733752e-06
1.4137793744078417	0.3650820130027564	0.0039005167604125477	0.631017064393271	2.848704194554607e-08	4.4299221742082287e-13	4.068041631918165e-11	3.7666450445157134e-07	-2.6470315081256507e-06
1.5147636154369732	0.36038628870151634	0.004233012519937121	0.6353802000473839	3.6635295133058865e-08	6.069189974714932e-13	5.085031806938162e-11	4.6153898901534615e-07	-2.629380650672852e-06
1.6157478564661047	0.3554334900386484	0.0045888183308635784	0.6399770795898383	4.702253186122085e-08	8.299705135805525e-13	6.349074677639757e-11	5.645619624069219e-07	-2.6107601223546498e-06
1.7167320974952363	0.3502359289823055	0.004969081078464911	0.6447942399319166	6.023741126337062e-08	1.1329008210059388e-12	7.918367851447192e-11	6.893862964071915e-07	-2.5912148823886804e-06
1.8177163385243678	0.3448063934870167	0.005374959651303833	0.649817729162081	7.701593016908145e-08	1.5435418750199028e-12	9.864370771652983e-11	8.40349105153183e-07	-2.570791647546217e-06
1.9187005795534995	0.3391580952321488	0.005807620650496056	0.65503316294639	9.827630191421576e-08	2.0991440242001452e-12	1.2274719561657477e-10	1.022588986019613e-06	-2.549538700514375e-06
2.019684820582631	0.3333046162716025	0.006268233702180309	0.6604257823888181	1.2516157569918685e-07	2.8494651796587386e-12	1.5256757596932377e-10	1.242181111292025e-06	-2.527505694403099e-06
2.1206690616117623	0.32725985489490556	0.006757966372839287	0.6659805130478117	1.5909158675550975e-07	3.8608396796341156e-12	1.894180625096641e-10	1.506292450188124e-06	-2.5047434544996645e-06
2.221653302640894	0.3210379709999659	0.0072779786902519	0.6716820248016676	2.018261241988182e-07	5.221526400765921e-12	2.3490324188536536e-10	1.823359609176033e-06	-2.4813037783698847e-06
2.3226375436700257	0.31465333127572503	0.007829417276220553	0.6775147922534274	2.555415486242006e-07	7.048723661194398e-12	2.9098131849359916e-10	2.2032919902662713e-06	-2.4572392353934583e-06
2.423621784699157	0.30812045448884884	0.008413409100790989	0.6834631553658919	3.2292349173225876e-07	9.49775117859094e-12	3.600391111343356e-10	2.6577031766206203e-06	-2.4326029668009194e-06
2.5246060257282887	0.30145395716249324	0.009031054871446995	0.6895113800190301	4.072787326217557e-07	1.27740433954902e-11	4.4498229416579165e-10	3.2001736607906096e-06	-2.4074484872519053e-06
2.62559026675742	0.2946684999271562	0.009683422074693353	0.6956437181854154	5.126698774550043e-07	1.7148782138626574e-11	5.493438377175969e-10	3.846548228542773e-06	-2.3818294889590607e-06
2.7265745077865517	0.28777873481378685	0.01037153769151187	0.7018444674243125	6.440770791151713e-07	2.2979230171328772e-11	6.774141437768636e-10	4.615271485078035e-06	-2.35579964931939e-06
2.8275587488156835	0.28079925374778075	0.011096380612354113	0.7080980294015349	8.075917298031888e-07	3.0735123598079104e-11	8.343970105819885e-10	5.527765170450781e-06	-2.3294124429654754e-06
2.9285429898448148	0.27374453848936764	0.011858873781587904	0.7143889671501636	1.0106478512055647e-06	4.1032856273468664e-11	1.0265963016096947e-09	6.608851026352938e-06	-2.302720959093364e-06
3.0295272308739465	0.266628912251344	0.012659876105603067	0.7207020607964925	1.2622978030901105e-06	5.46796631545192e-11	1.261639064536885e-09	7.887223058798131e-06	-2.2757777248624493e-06
3.1305114719030778	0.2594664932092603	0.013500174163065261	0.7270223614860994	1.573539941232601e-06	7.273060637360877e-11	1.5487418593262175e-09	9.395973062535913e-06	-2.2486345355959482e-06
3.2314957129322095	0.25227115010219486	0.014380473760040386	0.7333352432565907	1.9577069886148073e-06	9.656191782467707e-11	1.899028235155267e-09	1.117317323146114e-05	-2.2213422924391954e-06
3.3324799539613412	0.24505646010430282	0.015301391376849471	0.739626452616225	2.4309251486781253e-06	1.279651922491021e-10	2.325906668444516e-09	1.3262519555989937e-05	-2.1939508480575378e-06
3.4334641949904725	0.23783566912858262	0.016263445557507035	0.7458821556011896	3.0126553942278846e-06	1.6926810049445087e-10	2.8455198672814576e-09	1.5714039491119558e-05	-2.1665088608767226e-06
3.5344484360196042	0.23062165470491916	0.017267048296393316	0.7520889820986608	3.7263299175067826e-06	2.2348875913382473e-10	3.4772781933899977e-09	1.8584867050616916e-05	-2.1390636582870638e-06
3.6354326770487355	0.22342689155462603	0.018312496480362296	0.7582340672378058	4.600098431701318e-06	2.9453271734635986e-10	4.244492087934472e-09	2.1940088028904604e-05	-2.111661109148906e-06
3.7364169180778672	0.21626341996356865	0.01939996344773987	0.7643050896665086	5.667700875499106e-06	3.8744378664948465e-10	5.175120852972535e-09	2.585365745317127e-05	-2.084345505851748e-06
3.837401159106999	0.20914281703569676	0.02052949072856895	0.7702903065476878	6.969485091582292e-06	5.087227427085008e-10	6.302657982466486e-09	3.0409390609196223e-05	-2.057159456093476e-06
3.9383854001361303	0.20207617088859298	0.021700980032958502	0.776178585125544	8.553590225321253e-06	6.667313904293361e-10	7.667176507214057e-09	3.570202805021315e-05	-2.03014378446016e-06
4.039369641165262	0.1950740578326209	0.022914185556442476	0.7819594307288514	1.0477318915820576e-05	8.72203747467398e-10	9.316561574773585e-09	4.1838373866323054e-05	-2.003337443801471e-06
4.140353882194393	0.18814652255558897	0.02416870667280351	0.7876230110953801	1.2808723817694541e-05	1.1388913393180648e-09	1.1307961793036936e-08	4.893850515600661e-05	-1.976777436312684e-06
4.2413381232235245	0.18130306131566273	0.025463981085821274	0.7931601769186791	1.5628436582964876e-05	1.4843760170206924e-09	1.3709495796404651e-08	5.7137049084141345e-05	-1.95049874415205e-06
4.342322364252657	0.17455260812671214	0.02679927851182364	0.7985624785356467	1.903177012646327e-05	1.9310915512420513e-09	1.6602256126277142e-08	6.658452212206283e-05	-1.924534269342687e-06
4.443306605281788	0.1679035239024824	0.028173694964713857	0.8038221786905663	2.31311277661154e-05	2.5076048149767413e-09	2.0082658941001785e-08	7.744872404323415e-05	-1.8989147826318387e-06
4.544290846310919	0.16136358850904642	0.029586147714286658	0.8089322613285106	2.8058755634404818e-05	3.2502189854101868e-09	2.4265195381814036e-08	8.991617698567678e-05	-1.8736688809077452e-06
4.6452750873400515	0.15493999565903985	0.031035370987102177	0.8138864363881894	3.396987755306192e-05	4.20497527927643e-09	2.9285648727703083e-08	0.00010419359740119444	-1.8488229527063774e-06
4.746259328369183	0.14863935056627534	0.03251991247694064	0.818679140581432	4.104625429356181e-05	5.430146761790857e-09	3.53048508908454e-08	0.00012050938599357487	-1.8244011512772628e-06
4.847243569398314	0.1424676702655707	0.03403813072889722	0.8233055341635023	4.950021174452557e-05	6.9993382945899756e-09	4.25130624635041e-08	0.000139115117834152	-1.8004253746202897e-06
4.948227810427446	0.13643038649006314	0.035588193457489446	0.827761493715362	5.957918489524732e-05	9.005331363227585e-09	5.113507256671095e-08	0.00016028701174819417	-1.7769152518542984e-06
5.0492120514565775	0.1305323509869718	0.03716807685474111	0.8320436009758148	7.157082663180326e-05	1.1564842104771023e-08	6.143612832217042e-08	0.0001843273548405744	-1.7538881352339385e-06
5.150196292485709	0.1247778431427506	0.03877556593908576	0.8361491277781861	8.580873202543247e-05	1.4824396214394206e-08	7.372881903544799e-08	0.0002115658547131973	-1.7313590970943421e-06
5.25118053351484	0.11917057977987623	0.04040825599011671	0.8400760171628187	0.00010267882995618491	1.8967566552841724e-08	8.83810573170106e-08	0.00024236088858820627	-1.7093409309740865e-06
5.352164774543972	0.11371372698014134	0.04206355510772809	0.8438228607532352	0.00012262649442957733	2.4223869358523398e-08	1.0582531856722128e-07	0.00027710061525902343	-1.6878441561463152e-06
5.4531490155731035	0.10840991378328468	0.04373868792707498	0.8473888725003199	0.00014616442766918818	3.087967430700283e-08	1.265693217138151e-07	0.00031620391263601785	-1.666877024776176e-06
5.554133256602235	0.1032612476050712	0.04543070051307645	0.8507738589153307	0.0001738813658513322	3.929155375525668e-08	1.512083580301538e-07	0.0003601211007370845	-1.646445530920488e-06
5.655117497631367	0.09826933121551333	0.047136466449944806	0.8539781859290033	0.0002064516560264301	4.990257905354021e-08	1.804395015063068e-07	0.00040933440740579705	-1.6265534205932054e-06
5.756101738660498	0.09343528111577248	0.04885269413250771	0.8570027425304285	0.00024464574917434717	6.326216871210378e-08	2.1507796383085127e-07	0.0004643581319517102	-1.6072022021382669e-06
5.8570859796896295	0.08875974715134918	0.0505759352569664	0.8598489013558149	0.0002893416492905656	8.00502066097241e-08	2.5607588981791584e-07	0.000525738460439878	-1.5883911561801927e-06
5.958070220718762	0.08424293319941811	0.05230259449927807	0.8625184764136702	0.0003415373517162107	1.011062807044374e-07	3.045439253392909e-07	0.0005940528856548358	-1.570117344462737e-06
6.059054461747893	0.07988461876952656	0.05402894035964541	0.8650136781493567	0.00040236429542785037	1.27465046486093e-07	3.617759297608465e-07	0.000669909184991351	-1.552375616937275e-06
6.160038702777024	0.07568418135928733	0.05575111714173091	0.8673370660683718	0.0004731018435175098	1.6039889758958014e-07	4.2927724880684516e-07	0.0007539439108440611	-1.5351586165257035e-06
6.2610229438061555	0.07164061941009478	0.057465158025279156	0.8694914991540459	0.00055519279345412	2.014693317272126e-07	5.08797011958484e-07	0.0008468203506447022	-1.5184567810575919e-06
6.362007184835288	0.06775257571218864	0.059166999180925245	0.8714800843316158	0.0006502599037746814	2.5258863682415436e-07	6.02364971207337e-07	0.0009492259177020946	-1.5022583419682124e-06
6.462991425864419	0.06401836111351636	0.060852494866191695	0.8733061232467279	0.0007601234064783714	3.160937936336604e-07	7.12333455498983e-07	0.0010618689395867503	-1.4865493194428726e-06
6.56397566689355	0.06043597839270753	0.06251743343213194	0.8749730576423277	0.0008868194544897716	3.9483480109085264e-07	8.414250777772874e-07	0.0011854748181280637	-1.4713135138034345e-06
6.6649599079226824	0.057003146162997856	0.06415755416086683	0.8764844136334666	0.0010326194310542654	4.922799833683191e-07	9.927868994215595e-07	0.0013207815442800085	-1.4565324930547446e-06
6.765944148951814	0.05371732268102938	0.0657685648454868	0.8778437451947252	0.0012000500228089893	6.12641237330819e-07	1.17005183028408e-06	0.0014685345622759592	-1.442185576641311e-06
6.866928389980945	0.050575729442030544	0.06734616001555366	0.8790545771895795	0.001391913930567411	7.610226302747915e-07	1.3774081216838015e-06	0.0016294809907050072	-1.4282498156073011e-06
6.967912631010076	0.047575374450852775	0.06888603970383098	0.8801203482849652	0.0016113110616552625	9.435962649549955e-07	1.619677894759907e-06	0.0018043632234500365	-1.4146999695047166e-06
7.0688968720392085	0.04471307506662512	0.0703839286429945	0.8810443541073872	0.0018616600150982744	1.1678098963775058e-06	1.9024057376595659e-06	0.001993911950810659	-1.4015084805543508e-06
7.16988111306834	0.04198548032730742	0.07183559577500873	0.8818296910089584	0.0021467196363205193	1.4426314169556181e-06	2.2319585021997935e-06	0.0021988386605522794	-1.3886454457302207e-06
7.270865354097471	0.03938909266908863	0.07323687395068612	0.8824792008225709	0.0024706103815813657	1.7788360273772464e-06	2.615637533913338e-06	0.002419827699937841	-1.3760785876089574e-06
7.371849595126603	0.03692028896432097	0.07458367969274121	0.8829954169947516	0.0028378351945608066	2.189342683466469e-06	3.061804678699943e-06	0.0026575280028427023	-1.3637732249989596e-06
7.4728338361557345	0.034575340810424536	0.07587203289247792	0.8833805124924299	0.0032532995587925364	2.68960725735256e-06	3.580023524508242e-06	0.002912544610554545	-1.3516922445376634e-06
7.573818077184866	0.03235043401087532	0.07709807630815887	0.88363624988559	0.0037223303506311576	3.2980807764506825e-06	4.181217457324147e-06	0.003185430140498271	-1.3397960746163408e-06
7.674802318213998	0.030241687197940296	0.07825809473213963	0.8837639340113426	0.004250693078811016	4.036742107074455e-06	4.877846236878736e-06	0.003476676383470295	-1.328042663157438e-06
7.775786559243129	0.028245169555182914	0.07934853369404431	0.8837643676260856	0.004844607059191321	4.931715530532522e-06	5.684102928430099e-06	0.0037867062365363135	-1.3163874609263487e-06
7.8767708002722605	0.026356917605883975	0.08036601756862595	0.8836378104508578	0.005510758037859019	6.013984816211929e-06	6.616133162090704e-06	0.004115866204951396	-1.304783412204106e-06
7.977755041301392	0.0245729510413545	0.08130736695950484	0.8833839420104809	0.006256307743336069	7.320216624299485e-06	7.692278829683089e-06	0.004464419731648367	-1.2931809547760703e-06
8.078739282330524	0.022889287570618092	0.08216961523370181	0.8830018286593734	0.00708889982024637	8.893707363927369e-06	8.93334847005636e-06	0.0048325416362811355	-1.2815280313002671e-06
8.179723523359655	0.021301956780074634	0.08295002408676208	0.882489895175792	0.008016661573536601	1.0785468981353668e-05	1.0362916736038172e-05	0.0052203139667010515	-1.2697701142035572e-06
8.280707764388787	0.019807012998492714	0.08364609802426612	0.8818459012914645	0.00904820093535912	1.3055470544815581e-05	1.2007655478383189e-05	0.005627723583242201	-1.2578502463101057e-06
8.381692005417918	0.018400547168990443	0.08425559765260028	0.8810669235049727	0.010192598057184797	1.5774053911817876e-05	1.3897699122639183e-05	0.006054661809398708	-1.2457090994305692e-06
8.482676246447049	0.017078697735533124	0.08477655167995472	0.8801493425046201	0.011459390928794961	1.9023543190692977e-05	1.6067047151981088e-05	0.0065009264904836595	-1.2332850531279412e-06
8.583660487476182	0.01583766055688569	0.0852072675375588	0.8790888364997937	0.012858554434656727	2.2900069116679737e-05	1.8554006640706294e-05	0.006966226803742431	-1.2205142958233337e-06
8.684644728505313	0.014673697865899933	0.08554634054107364	0.8778803807288909	0.014400472277918065	2.7515630824036e-05	2.1401677906926792e-05	0.007450191158261414	-1.207330950308537e-06
8.785628969534445	0.01358314629648382	0.08579266152274807	0.8765182533767073	0.016095901233885955	3.300041877510465e-05	2.4658486466446004e-05	0.007952378510009232	-1.193667225588951e-06
8.886613210563576	0.0125624240045943	0.08594542287630431	0.8749960480948035	0.01795592723927505	3.9505423764521854e-05	2.8378764570002716e-05	0.00847229339569942	-1.1794535967878684e-06
8.987597451592707	0.011608036913116886	0.08600412296844906	0.8733066932748285	0.019991912881488553	4.7205357905804724e-05	3.262338568984469e-05	0.009009404958188673	-1.164619014599241e-06
9.088581692621839	0.01071658411355432	0.08596856888328548	0.8714424781772689	0.02221543592427717	5.6301914276331315e-05	3.7460455385519214e-05	0.009563170195294228	-1.1490911454799474e-06
9.189565933650972	0.009884762460051724	0.08583887747861348	0.8693950859667673	0.024638218592661222	6.702739238715319e-05	4.296606201910649e-05	0.01013306161283725	-1.1327966434240319e-06
9.290550174680103	0.009109370393452089	0.08561547474602388	0.8671556336503272	0.027272047441075954	7.964871679215102e-05	4.922509080285668e-05	0.010718599401227302	-1.1156614537613344e-06
9.391534415709234	0.008387311034818136	0.08529909347969064	0.8647147188567296	0.030128683744109843	9.447187588707672e-05	5.6332104643058204e-05	0.011319388183029551	-1.0976111489733928e-06
9.492518656738365	0.007715594589196443	0.0848907692717147	0.8620624733347361	0.03321976447842525	0.00011184680719804488	6.439229518840466e-05	0.011935158296997357	-1.0785712960237775e-06
9.593502897767497	0.007091340101354151	0.0843918348646475	0.8591886229846448	0.03655669410662309	0.00013217275414152707	7.352250739439938e-05	0.012565811492568016	-1.0584678541626252e-06
9.694487138796628	0.006511776605814218	0.08380391290429512	0.856082554173064	0.04015052752771388	0.0001559041172705437	8.385234077245866e-05	0.013211470808667535	-1.0372276015920312e-06
9.79547137982576	0.005974243713772445	0.08312890714795423	0.8527333860149735	0.04401184472289823	0.00018355682031869126	9.552533029822408e-05	0.013872534302999298	-1.0147785887773681e-06
9.896455620854892	0.005476191679425623	0.08236899219474221	0.8491300482409617	0.04815061779757732	0.00021571520782782326	0.00010870020970291512	0.01454973218427456	-9.91050615568134e-07
9.997439861884024	0.005015180987899153	0.08152660181554475	0.8452613642016877	0.052576071298574306	0.00025303948671009675	0.000123552259559033	0.015244186781841456	-9.659757286604943e-07
10.098424102913155	0.0045888815063611175	0.08060441597021353	0.8411161384969009	0.057296536866771886	0.0002962737186667271	0.00014027474219204124	0.015957474666951143	-9.394887353033705e-07
10.199408343942286	0.004195071239073869	0.07960534660891048	0.8366832486535899	0.06231930346673895	0.0003462543638849618	0.00015908042499752686	0.016691690119809716	-9.115277285329441e-07
10.300392584971418	0.0038316347260891116	0.07853252236282884	0.8319517402178662	0.06765046461313587	0.0004039193687898497	0.000180203193213687	0.01744950901918575	-8.820346186298778e-07
10.401376826000549	0.00349656112406479	0.07738927223685475	0.8269109245688898	0.07329476418519607	0.0004703177817768937	0.00020389975258688336	0.01823425211947999	-8.509556649432307e-07
10.50236106702968	0.00318794200629534	0.07617910842300159	0.8215504787113787	0.07925544258164331	0.0005466198707477628	0.00023045142166891274	0.019049946576765262	-8.182420017292783e-07
10.603345308058813	0.0029039689175266734	0.07490570835860781	0.8158605462568581	0.08553408511515788	0.0006341277048828404	0.0002601660126944105	0.019901384493462404	-7.838501512266706e-07
10.704329549087944	0.0026429307174956175	0.07357289615729874	0.8098318387636625	0.09213047467403475	0.0007342861504007795	0.0002933797991018525	0.020794177174095603	-7.47742516846019e-07
10.805313790117076	0.0024032107454132917	0.07218462354355207	0.8034557365725413	0.09904245078511326	0.000848694216089773	0.0003304595667790476	0.02173480372509639	-7.098878491059038e-07
10.906298031146207	0.0021832838358240647	0.07074495042336396	0.7967243882493418	0.10626577729263366	0.0009791166691888995	0.00037180474503160774	0.022730652592811568	-6.702616768116632e-07
11.007282272175338	0.001981713214435324	0.06925802522399387	0.7896308077292601	0.11379402091887404	0.0011274958258230563	0.0004178496120895502	0.023790054618536345	-6.288466959599199e-07
11.10826651320447	0.0017971473006477795	0.06772806513508157	0.7821689682491787	0.12161844299099953	0.001295963402758682	0.00046906556868264525	0.02492230620000343	-5.856331089711057e-07
11.2092507542336	0.001628316441637182	0.06615933638161425	0.774333892156132	0.12972790660171354	0.0014868522988946992	0.0005259634718304889	0.02613768118746606	-5.406189071125607e-07
11.310234995262734	0.001474029600962707	0.06455613465630816	0.7661217356913189	0.13810880141672077	0.0017027081558197875	0.0005890960195109	0.027447430211000892	-4.93810089382266e-07
11.411219236291865	0.0013331710228182572	0.06292276583501354	0.7575298678705936	0.1467449882479724	0.0019463005271816497	0.0006590601752939232	0.0288637662350926	-4.452208116813891e-07
11.512203477320996	0.0012046968912135347	0.061263527093811845	0.7485569426141135	0.15561776537712238	0.00222063346680012	0.000736499620363953	0.030399835267522612	-3.948734608130911e-07
11.613187718350128	0.0010876320015831662	0.05958268854062306	0.7392029633198046	0.16470585843825783	0.0025289553257315913	0.0008221072186063619	0.03206967131197313	-3.4279864870288916e-07
11.714171959379259	0.0009810664605839738	0.057884475467453386	0.7294693391273638	0.17398543545328285	0.00287476752922182	0.0009166274786166065	0.033888134846801005	-2.8903512323623224e-07
11.81515620040839	0.0008841524281615565	0.05617305132198024	0.7193589321813267	0.18343014835864643	0.003261832086074161	0.0010208589946099605	0.03587083433457631	-2.3362959324235078e-07
11.916140441437523	0.0007961009143543865	0.054452501489079104	0.7088760952728584	0.1930112020706151	0.003694177565860094	0.001135656846281826	0.038034030515941245	-1.766364664068328e-07
12.017124682466655	0.0007161786417629507	0.052726817964245144	0.698026699319745	0.20269745181105134	0.004176103264093619	0.0012619349357070099	0.04039452351404848	-1.1811750025220086e-07
12.118108923495786	0.0006437049831474263	0.050999884991748755	0.6868181502318425	0.21245552906059212	0.004712181262499743	0.0014006682373887624	0.042969523068491326	-5.814136776600717e-08
12.219093164524917	0.0005780489822339275	0.04927546573089309	0.6752593948040886	0.22224999612594243	0.005307256081371588	0.0015528949355939833	0.045776502525712366	3.216859243431571e-09
12.320077405554049	0.0005186264645087364	0.047557190004012075	0.6633609153800898	0.2320435289082107	0.005966441614292523	0.0017197184211615519	0.048833037531218516	6.587630444871269e-08
12.42106164658318	0.0004648972435640251	0.04584854316996534	0.6511347131351383	0.2417971270459567	0.006695115032764684	0.001902309118069807	0.05215663069180228	1.2975095280685327e-07
12.522045887612311	0.00041636242742795163	0.04415285615694997	0.6385942799370637	0.2514703501866552	0.007498907350097676	0.002101906108222525	0.05576452379715686	1.947503801931926e-07
12.623030128641444	0.0003725618282666617	0.042473296678558155	0.6257545588552907	0.2610215787207822	0.0083836903408163	0.0023198185211881035	0.05967349950322086	2.607805377350612e-07
12.724014369670575	0.0003330714778849049	0.040812861647256414	0.6126318935014571	0.27040829690123086	0.009355559524359885	0.002557426654033364	0.06389967467750413	3.277445803448833e-07
12.824998610699707	0.0002975012505741875	0.039174370789938205	0.5992439664975607	0.2795873958749477	0.01042081294043798	0.002816182784962759	0.0684582878826687	3.955437277049868e-07
12.925982851728838	0.0002654925940607968	0.0375604614609894	0.5856097274784036	0.2885154937812432	0.011585925468484559	0.0030976116432378784	0.07336348372195878	4.640781448634605e-07
13.02696709275797	0.00023671636858803416	0.03597358463948259	0.5717493111426372	0.29714926972973255	0.012857518475549211	0.0034033104968449637	0.07862809698216972	5.332478286928984e-07
13.1279513337871	0.00021087079352490038	0.03441600208875338	0.5576839459695987	0.3054458081675092	0.014242324615912273	0.003734948818633624	0.08426343968053182	6.02953485770244e-07
13.228935574816232	0.00018767950032396144	0.03288978464877008	0.5434358543159746	0.3133629498866761	0.015747147651841212	0.0040942674912027785	0.09027909424560948	6.730973867819378e-07
13.329919815845365	0.00016688969015082918	0.03139681162444351	0.529028144695857	0.3208596457158325	0.017378817218217716	0.004483077510695018	0.09668271613419185	7.435841823660856e-07
13.430904056874496	0.00014827039407286645	0.029938771226381458	0.514484697128751	0.3278963087877788	0.019144138514121802	0.0049032581499116505	0.10347984920220742	8.143216653898632e-07
13.531888297903627	0.00013161083332159323	0.028517162014609864	0.49983004251145646	0.33443516118488276	0.02104983697157144	0.005356754541811819	0.11067375710492738	8.85221465038383e-07
13.632872538932759	0.00011671887682790116	0.027133295290489384	0.48508923703053786	0.34044057073645845	0.02310249802503003	0.005845574645540574	0.11826527389826307	9.56199658767457e-07
13.73385677996189	0.00010341959296755624	0.025788298377470997	0.47028773268145246	0.3458793737812444	0.025308502184391322	0.006371785558674039	0.1262526768481348	1.0271772891481276e-06
13.834841020991021	9.15538922426322e-05	0.02448311872746967	0.45545124499771933	0.3507211798134107	0.02767395569813228	0.006937509141400225	0.1346315842293008	1.0980807738997018e-06
13.935825262020153	8.09772574584965e-05	0.023218528786494743	0.44060561911825596	0.3549386541020431	0.03020461718122046	0.007544916920896578	0.14339488061058184	1.1688421989584073e-06
14.036809503049286	7.155855783182879e-05	0.02199513155075345	0.42577669533289864	0.3585077746099525	0.032905820673029385	0.008196224247239219	0.15253267178331467	1.2393994862419228e-06
14.137793744078417	6.31789433791207e-05	0.020813366742730263	0.41099017524502796	0.3614080598348776	0.03578239568264452	0.008893683675799936	0.16203227109863708	1.3096964298208346e-06
14.238777985107548	5.573081588343538e-05	0.01967351753571793	0.3962714896762024	0.36362276455037407	0.0388385848710748	0.009639577555265852	0.17187821854254962	1.3796825964652772e-06
14.33976222613668	4.911687271637711e-05	0.018575717754913554	0.3816456694110339	0.36513904082941756	0.042077960110418616	0.01043620980515716	0.18205233340251398	1.449313088961509e-06
14.44074646716581	4.324921979877181e-05	0.01751995948346115	0.36713721984161435	0.3659480621844386	0.045503337747262035	0.011285896872020723	0.19253380087350863	1.5185481731469364e-06
14.541730708194942	3.804855001429326e-05	0.016506101002686794	0.35277000052026636	0.36604510914563426	0.04911669397970314	0.012190957859331462	0.20329929242373804	1.5873527722464193e-06
14.642714949224075	3.3443383442076544e-05	0.015533874997191988	0.3385671105679843	0.3654296151166844	0.05291908133254341	0.013153703832525796	0.21432311920004626	1.6556958347575693e-06
14.743699190253206	2.9369365844386875e-05	0.014602896957401143	0.32455078081458466	0.364105171884509	0.05691054728147496	0.01417642630749741	0.2255774172104955	1.7235495847754345e-06
14.844683431282338	2.5768621930939814e-05	0.013712673714552991	0.3107422734663362	0.3620794947081059	0.06109005613265476	0.015261384938276164	0.23703236248680587	1.7908886662134437e-06
14.945667672311469	2.2589160020017592e-05	0.012862612045934403	0.2971617900088729	0.3593643474612187	0.06545541530706392	0.01641079442744461	0.2486564139127542	1.8576891948131565e-06
15.0466519133406	1.9784324825766527e-05	0.012052027291325979	0.28382838795873555	0.3559754288449995	0.07000320720779106	0.017626810691078416	0.26041658091642456	1.9239277340868335e-06
15.147636154369732	1.7312295218884745e-05	0.011280151925111758	0.2707599069772995	0.35193222121052337	0.07472872786125806	0.018911516318569615	0.27227871277418586	1.9895802133524954e-06
15.248620395398863	1.5135623932375344e-05	0.01054614403224739	0.25797290475749163	0.3472578040279281	0.07962593351903138	0.020266905376540613	0.2842078058716825	2.0546208077528945e-06
15.349604636427996	1.322081631340031e-05	0.009849095640230567	0.24548260298799124	0.3419786345006135	0.0846873963840578	0.02169486761511123	0.2961683249203749	2.119020801554009e-06
15.450588877457127	1.1537945354944543e-05	0.009188040863324346	0.23330284359296305	0.33612429824160006	0.08990427058302077	0.023197172143959624	0.3081245338446538	2.182747457057067e-06
15.551573118486258	1.0060300375577498e-05	0.008561963819498041	0.22144605533916875	0.32972723329798337	0.09526626944444185	0.024775450654833265	0.32004083184051485	2.2457629120993264e-06
15.65255735951539	8.764066850836176e-06	0.00796980628482615	0.2099232307979243	0.32282243112264064	0.1007616550598749	0.026431180276323744	0.3318820899670787	2.3080231293385588e-06
15.753541600544521	7.6280350345448305e-06	0.007410475054376492	0.19874391354807114	0.31544711834529554	0.10637724100318498	0.028165666155719277	0.3436139835703609	2.369476920298722e-06
15.854525841573652	6.633335141783143e-06	0.006882848982884623	0.18791619540916124	0.3076404233843182	0.1120984089609446	0.02998002387148505	0.35520331585650194	2.430065066492114e-06
15.955510082602784	5.763196996390163e-06	0.006385785682711985	0.17744672340250175	0.29944303206410594	0.11790913988632912	0.03187516178828372	0.3666183280295036	2.4897195588285304e-06
16.056494323631917	5.0027321741492536e-06	0.00591812786068612	0.16734071605259562	0.29089683645972053	0.12379206013084672	0.0338517634743247	0.37782899158508754	2.548362974985418e-06
16.157478564661048	4.338736797554822e-06	0.005478709279389576	0.15760198856370686	0.28204458118114073	0.12972850283451057	0.035910270308104716	0.38880727860474223	2.6059080124651437e-06
16.25846280569018	3.7595132588353627e-06	0.005066360332271851	0.14823298633652893	0.27292951123573594	0.1356985846677559	0.03805086440816061	0.39952740621796734	2.6622571927354906e-06
16.35944704671931	3.254709264315898e-06	0.004679913225581889	0.13923482622885106	0.2635950254723343	0.14168129781998473	0.04027345202517969	0.409966051790332	2.717302749174864e-06
16.46043128774844	2.8151727049480156e-06	0.004318206763534786	0.13060734491213205	0.2540843394175337	0.147654616922911	0.042577647540596925	0.4201025358431659	2.770926708570164e-06
16.561415528777573	2.4328209646995574e-06	0.003980090736320135	0.12234915363333942	0.24444016106973376	0.1535956203849681	0.04496275821953854	0.42991897020918923	2.8230011726949926e-06
16.662399769806704	2.1005233803278273e-06	0.003664429913515703	0.11445769865843712	0.23470438292458742	0.1594806253992982	0.0474277698685488	0.4394003694679567	2.8733888030873783e-06
16.763384010835836	1.8119956627726193e-06	0.0033701076481798347	0.10692932665052032	0.22491779317375846	0.16528533567579376	0.049971333549865486	0.44853472427567764	2.9219435086123847e-06
16.864368251864967	1.5617051819648684e-06	0.003096029099351779	0.09975935422169903	0.21511980865412011	0.1709850007409898	0.05259175350400249	0.4573130357951689	2.9685113318024898e-06
16.965352492894098	1.3447861032667202e-06	0.002841124082888049	0.09294214089313418	0.20534823173431932	0.17655458545201075	0.05528697643098248	0.4657293110326399	3.0129315263859025e-06
17.066336733923233	1.1569634450942461e-06	0.0026043495625038015	0.08647116470180292	0.19563903291763562	0.18196894818597206	0.05805458227767087	0.47378051948764915	3.055037814909243e-06
17.167320974952364	9.944852036135595e-07	0.0023846917945740164	0.0803390997050832	0.18602616052199047	0.18720302599780955	0.06089177667424973	0.48146651211019775	3.09465981200451e-06
17.268305215981496	8.540617618634291e-07	0.002181168141683715	0.07453789465455825	0.17654137837738906	0.19223202489089622	0.06379538515689999	0.4887899041240321	3.1316245957069097e-06
17.369289457010627	7.328118673852623e-07	0.001992828571107822	0.06905885213787526	0.1672141320653161	0.19703161321915394	0.06676184930620965	0.49575592380800293	3.1657584063620332e-06
17.470273698039758	6.282145245955619e-07	0.0018187568553569946	0.06389270752130745	0.15807144382050267	0.2015781161395466	0.06978722492170437	0.5023722298186833	3.196888450125141e-06
17.57125793906889	5.38066205894898e-07	0.001658071492657791	0.05902970706511348	0.1491378358293997	0.20584870896227125	0.07286718234220883	0.5086487000792463	3.2248447819025337e-06
17.67224218009802	4.604428390587644e-07	0.0015099263657552702	0.054459684628010714	0.14043528129728464	0.2098216072046519	0.07599700900953928	0.5145971956448534	3.249462240858355e-06
17.773226421127152	3.9366607799672825e-07	0.0013735111577470275	0.05017213642526588	0.13198318232214734	0.2134762511451515	0.07917161435934787	0.5202313032777016	3.27058241034452e-06
17.874210662156283	3.3627340969885677e-07	0.001248051543794081	0.04615629335619474	0.1237983733124844	0.21679348269698437	0.08238553710786788	0.5255660607209361	3.288055573332357e-06
17.975194903185415	2.8699169231728806e-07	0.0011328091775206688	0.042401190470411784	0.11589514842116823	0.21975571247685607	0.08563295498693521	0.5306176688468275	3.3017426341480295e-06
18.076179144214546	2.4471375806099574e-07	0.0010270814907274981	0.03889573319716663	0.1082853112410905	0.22234707503312107	0.08890769696210382	0.5354031949691811	3.311516977545727e-06
18.177163385243677	2.084777501169532e-07	0.0009302013247167031	0.03562876001774297	0.10097824482185204	0.2245535703182336	0.09220325795005933	0.5399402716527288	3.3172662368888348e-06
18.27814762627281	1.7744889535140555e-07	0.0008415364110774997	0.03258910131644087	0.09398099992111637	0.22636318964128932	0.09551281603201774	0.5442467953242615	3.318893944435622e-06
18.379131867301943	1.5090344428676076e-07	0.000760488719224768	0.029765634200402163	0.08729839929925133	0.22776602451563108	0.09882925213954075	0.5483406288940242	3.3163210384186297e-06
18.480116108331075	1.282145369830233e-07	0.0006864936873337074	0.027147333131844805	0.0809331558007066	0.2287543570212894	0.10214517216838624	0.5522393124349813	3.3094872037329254e-06
18.581100349360206	1.0883977816149538e-07	0.0006190193525870048	0.024723316267553846	0.07488600193866063	0.2293227305293141	0.1054529314548396	0.5559597857467896	3.2983520255665875e-06
18.682084590389337	9.23103273692723e-08	0.000557565395860976	0.022482887449245734	0.06915582870867407	0.2294679998812393	0.10874466152763713	0.559518126356385	3.282895938168455e-06
18.78306883141847	7.822133036458148e-08	0.0005016621151370702	0.02041557383422438	0.06373983139969935	0.2291893603780453	0.112012299027324	0.5629293061845939	3.2631209540984732e-06
18.8840530724476	6.622353636603495e-08	0.0004508693410479303	0.018511159198237717	0.0586336602437193	0.22848835520477975	0.11524761666389592	0.5662069697452894	3.239051162684835e-06
18.98503731347673	5.601596250567969e-08	0.0004047753070645756	0.016759712981328074	0.05383157384504647	0.22736886119499228	0.11844225606309033	0.5693632363480811	3.2107329899558396e-06
19.086021554505862	4.7339481900154985e-08	0.0003629954859142035	0.015151615182533457	0.049326593453211276	0.22583705311871644	0.12158776233194264	0.5724085283553156	3.178235215956636e-06
19.187005795534994	3.9971225341696535e-08	0.00032517140289663854	0.013677577240404049	0.04511065628554651	0.22390134695426983	0.12467562015543503	0.5753514271074583	3.1416487490349382e-06
19.287990036564125	3.3719698838064824e-08	0.0002909694358505839	0.012328659063365607	0.041174766263129776	0.22157232287305334	0.12769729121846007	0.5781985576857921	3.1010861603183044e-06
19.388974277593256	2.8420530216351494e-08	0.0002600796106167214	0.01109628239698381	0.037509140692786255	0.21886262892340055	0.13064425273111374	0.5809545032357295	3.056680985144127e-06
19.489958518622387	2.3932767860601193e-08	0.00023221439996041893	0.009972240734201615	0.03410335160460456	0.21578686664017466	0.1335080368207288	0.5836217491354339	3.0085868015800416e-06
19.59094275965152	2.013566347998663e-08	0.00020710753305858807	0.008948705989738886	0.030946460635268073	0.21236146002738543	0.13628027054125066	0.5862006568699037	2.9569760993297656e-06
19.69192700068065	1.692587869807161e-08	0.00018451282182833416	0.008018232171202141	0.028027146529078256	0.20860450955814622	0.13895271623971972	0.5886894670666905	2.9020389552052715e-06
19.792911241709785	1.421506230243559e-08	0.00016420300958387672	0.007173756287241017	0.025333824507748313	0.2045356330068334	0.14151731201091716	0.5910843307716473	2.8439815339152124e-06
19.893895482738916	1.1927751278681977e-08	0.00014596864675632973	0.006408596737524853	0.022854756934100356	0.20017579506988156	0.14396621196478926	0.5933793676965569	2.7830244351330516e-06
19.994879723768047	9.999554348123927e-09	0.00012961699770109924	0.005716449430646744	0.020578154861274373	0.1955471278423465	0.14629182602720744	0.5955667498591788	2.7194009096357143e-06
20.09586396479718	8.375581702613364e-09	0.0001149709819519634	0.005091381874562724	0.018492270215894772	0.1906727442959041	0.14848685899303019	0.5976368087634462	2.6533549687225077e-06
20.19684820582631	7.009089045575999e-09	0.00010186815266060828	0.004527825480122195	0.01658547850913819	0.18557654694961623	0.15054434855138266	0.5995781640354815	2.5851394121200757e-06
20.29783244685544	5.860307962466363e-09	9.015971438636509e-05	0.004020566311936475	0.014846352102494444	0.1802830339375172	0.15245770200658337	0.6013778712412594	2.5150138001470874e-06
20.398816687884572	4.895438108573083e-09	7.970958187322176e-05	0.0035647345125637627	0.01326372417424612	0.1748171046573773	0.1542207314242423	0.603021586464594	2.443242396054583e-06
20.499800928913704	4.085779764688168e-09	7.039348096959282e-05	0.003155792616052711	0.011826743637703573	0.16920386713397734	0.15582768694070218	0.6044937451194604	2.3700921041853708e-06
20.600785169942835	3.4069880145008064e-09	6.209809241005922e-05	0.0027895229555770363	0.010524921352730386	0.1634684491495305	0.15727328798514542	0.6057777524073823	2.2958304289265574e-06
20.701769410971966	2.8384321805357763e-09	5.472023878619744e-05	0.0024620143574863853	0.009348168048091436	0.1576358150856509	0.1585527521772626	0.6068561828070381	2.220723478388499e-06
20.802753652001098	2.3626462531171838e-09	4.816611468424441e-05	0.0021696483008640504	0.00828682443392269	0.15173059028806732	0.1596618216792639	0.6077109859969976	2.145034035362169e-06
20.90373789303023	1.964857890852671e-09	4.2350559658962e-05	0.0019090847078704792	0.007331684031668459	0.14577689461007515	0.16059678679907516	0.6083236966607792	2.069019716421709e-06
21.00472213405936	1.6325851899858272e-09	3.719637344371672e-05	0.001677247515993583	0.00647400928385851	0.13979818661675794	0.16135450666163487	0.6086756457029449	1.9929312380903497e-06
21.105706375088495	1.3552918392480849e-09	3.2633672564359136e-05	0.0014713101690403628	0.005705541528971101	0.133817119742787	0.16193242678710584	0.6087481705121497	1.9170108068200715e-06
21.206690616117626	1.1240925195062286e-09	2.859928732671877e-05	0.0012886811494766503	0.005018505438337944	0.1278554114957558	0.1623285934383293	0.6085228220381741	1.8414906471944838e-06
21.307674857146758	9.315014940924543e-10	2.5036197982086392e-05	0.0011269896607259567	0.004405608513676107	0.12193372658823576	0.16254166462474848	0.6079815666010575	1.766591680297954e-06
21.40865909817589	7.71218284579254e-10	2.189300873955942e-05	0.000984071554423121	0.00386003623652343	0.11607157466877696	0.16257091767606713	0.6071069805176301	1.6925223616497952e-06
21.50964333920502	6.37945154297645e-10	1.912345818615409e-05	0.0008579555845085168	0.0033754434457774285	0.11028722310852737	0.16241625332582615	0.6058824358101205	1.6194776855270607e-06
21.61062758023415	5.272318426790444e-10	1.668596459277062e-05	0.000746850057548998	0.0029459424978705334	0.10459762508952562	0.16207819627260506	0.6042922754493996	1.5476383599386958e-06
21.711611821263283	4.3534362049349013e-10	1.4543204524063839e-05	0.0006491299368715034	0.0025660887370085885	0.09901836303629627	0.16155789221440833	0.602321976778281	1.4771701540100352e-06
21.812596062292414	3.5914928076868736e-10	1.2661723130736104e-05	0.0005633244470509239	0.0022308637714674147	0.0935636072371701	0.16085710137969464	0.5999583019548954	1.4082234171296012e-06
21.913580303321545	2.960261528026248e-10	1.1011574481510784e-05	0.0004881052150620478	0.0019356570172368028	0.08824608931846821	0.15997818860616483	0.5971894344495585	1.3409327669353925e-06
22.014564544350677	2.4377963624945284e-10	9.565990286942832e-06	0.0004222749750086664	0.001676245933303644	0.08307709006568986	0.15892411004556709	0.5940051008181467	1.2754169411068249e-06
22.115548785379808	2.0057510673297953e-10	8.301075376256901e-06	0.0003647568547991951	0.0014487753344728414	0.07806644093310681	0.15769839659912196	0.590396677158583	1.2117788060076396e-06
22.21653302640894	1.6488035085259645e-10	7.195528309670648e-06	0.0003145842554493898	0.0012497361286443734	0.0732225384482775	0.15630513421346084	0.5863572798327343	1.1501055135161192e-06
22.31751726743807	1.354169529813218e-10	6.230385540379013e-06	0.00027089132684554276	0.001075943786609407	0.06855237060212899	0.1547489411909508	0.5818818402023633	1.0904687958981632e-06
22.4185015084672	1.1111928435610606e-10	5.388787580885183e-06	0.00023290403777692184	0.0009245168143144779	0.06406155421918211	0.15303494269071474	0.5769671632836548	1.0329253873375415e-06
22.519485749496337	9.109994140321743e-11	4.655765676137441e-06	0.00019993183281300753	0.0007928554606904373	0.05975438222658603	0.1511687426173302	0.5716119703694542	9.775175597420388e-07
22.620469990525468	7.46206492134767e-11	4.018047539566799e-06	0.00017135986412320439	0.0006786208589795164	0.05563387968487458	0.1491563931129119	0.565816925801286	9.242737596956644e-07
22.7214542315546	6.106779124818164e-11	3.4638807663405236e-06	0.00014664178257036054	0.0005797147663571879	0.05170186740737724	0.1470043618848738	0.559584648194265	8.732093329221865e-07
22.82243847258373	4.9931850919750677e-11	2.982872599805107e-06	0.00012529306930896464	0.0004942600357904763	0.04795903197833061	0.14471949761599143	0.5529197065272845	8.243273223566682e-07
22.92342271361286	4.0790157446756316e-11	2.565844791153198e-06	0.00010688488663260421	0.0004205819256780149	0.044405000980924446	0.1423089937153129	0.5458286016086109	7.776193258778859e-07
23.024406954641993	3.329241976714908e-11	2.2047023579022237e-06	9.103842489322155e-05	0.0003571903269882536	0.0410384222645527	0.1397803506779217	0.5383197335137319	7.330663999211287e-07
23.125391195671124	2.7148610426015994e-11	1.8923151130097108e-06	7.741972090346218e-05	0.00030276296439679825	0.037857046113946365	0.13714133732846023	0.5304033556685196	6.906399955503407e-07
23.226375436700256	2.2118828077304806e-11	1.6224109026727621e-06	6.573492227877847e-05	0.00025612960731469735	0.03485780923001805	0.1343999512276627	0.5220915163172011	6.503029141013593e-07
23.327359677729387	1.8004824151241977e-11	1.3894795564618824e-06	5.5725971630340434e-05	0.0002162573086437382	0.03203691949138295	0.13156437852290492	0.5133979881719217	6.120102701926793e-07
23.428343918758518	1.4642927725931347e-11	1.1886866179105653e-06	4.716668432922151e-05	0.00018223667350138968	0.02938994053480292	0.12864295352299165	0.5043381870896133	5.757104507143384e-07
23.52932815978765	1.1898143901703672e-11	1.0157959865915711e-06	3.985919368028619e-05	0.00015326914690574553	0.02691187527034249	0.12564411827412014	0.4949290806630955	5.413460593259848e-07
23.63031240081678	9.659236046171195e-12	8.671006637065077e-07	3.363073772698773e-05	0.0001286552983548884	0.024597247530950116	0.12257638240826325	0.4851890876475183	5.088548369987499e-07
23.731296641845912	7.834632050747657e-12	7.39360852013935e-07	2.8330762509594482e-05	0.00010778407221370161	0.02244018114463748	0.11944828352721427	0.47513796917097795	4.781705501993165e-07
23.832280882875047	6.349019986202789e-12	6.297487173026678e-07	2.382831738456095e-05	9.012296566141081e-05	0.02043447580864647	0.11626834837536065	0.4647967126998895	4.4922383941634607e-07
23.933265123904178	5.1405199288851946e-12	5.357991724173837e-07	2.00097189414854e-05	7.520909047597158e-05	0.018573679237291713	0.11304505504205191	0.45418740974593	4.2194302184827764e-07
24.03424936493331	4.158336820670964e-12	4.5536609594909423e-07	1.6776461095043237e-05	6.264107095623698e-05	0.016851155146984157	0.1097867964203737	0.4433331283123344	3.9625484318774915e-07
24.13523360596244	3.3608145138774196e-12	3.8658344604367394e-07	1.4043350055267716e-05	5.2071727631281755e-05	0.01526014673187213	0.10650184513342319	0.43225778108331836	3.7208517453376555e-07
24.236217846991572	2.7138240568704807e-12	3.2783077532548644e-07	1.1736844060511796e-05	4.32014949052132e-05	0.013793835370313002	0.10319832012199405	0.42098599036148565	3.4935965152212535e-07
24.337202088020703	2.1894301561196098e-12	2.77702695681711e-07	9.79357897171545e-06	3.577252027012525e-05	0.012445394384930144	0.0998841550691463	0.40954295075434977	3.280042537736896e-07
24.438186329049834	1.7647889131659842e-12	2.3498188163545044e-07	8.159062057316884e-06	2.956339303411928e-05	0.011208037756395308	0.09656706881766543	0.39795429060253346	3.0794582370695026e-07
24.539170570078966	1.4212376426786349e-12	1.986152383049283e-07	6.7865175228042374e-06	2.438445151133538e-05	0.01007506376256589	0.09325453791614188	0.3862459331287209	2.8911252463638054e-07
24.640154811108097	1.1435440541899062e-12	1.676928945743731e-07	5.6358685474972245e-06	2.007361917465535e-05	0.009039893579633659	0.089953771408546	0.3744439582679586	2.714342388737389e-07
24.74113905213723	9.192875157875377e-13	1.414297141774375e-07	4.672841770043338e-06	1.6492722259738275e-05	0.008096104940104452	0.08667168796096693	0.3625744661162911	2.548429072604027e-07
24.84212329316636	7.383496751034127e-13	1.1914904701644816e-07	3.868181303939588e-06	1.3524243624756632e-05	0.007237460993488301	0.08341489539784754	0.35066344290587903	2.392728121815268e-07
24.94310753419549	5.924955291174969e-13	1.0026847031999015e-07	3.196960456823214e-06	1.1068470219701443e-05	0.006457934559442849	0.08018967269880092	0.33873663038059276	2.246608066457986e-07
25.044091775224622	4.750292264660712e-13	8.428729429348066e-08	2.6379803693657702e-06	9.040994220811219e-06	0.005751727999822582	0.07700195448614351	0.32681939940654453	2.1094649245795204e-07
25.145076016253753	3.805115531662952e-13	7.07756298630521e-08	2.173245772907374e-06	7.370530669664739e-06	0.005113288965805983	0.0738573180128281	0.3149366286071408	1.9807235086674401e-07
25.24606025728289	3.0452827879111716e-13	5.936483707510976e-08	1.7875089912458413e-06	5.997017263869998e-06	0.004537322299269434	0.07076097264068816	0.30311258876205616	1.8598382934183422e-07
25.34704449831202	2.435003960381805e-13	4.9739191815839375e-08	1.467874176962299e-06	4.8699647283629595e-06	0.004018798384208528	0.06771775177998857	0.2913708336542302	1.7462938832320077e-07
25.44802873934115	1.945288321893886e-13	4.162862587934532e-08	1.203454577474585e-06	3.9470289136594395e-06	0.0035529582547020534	0.06473210724336612	0.2797340979887769	1.6396051190154557e-07
25.549012980370282	1.5526749663355462e-13	3.480241116055942e-08	9.850763702086307e-07	3.1927783888970313e-06	0.0031353157711598366	0.061808105950484256	0.26822420294294896	1.5393168643359908e-07
25.649997221399413	1.2381959694301967e-13	2.90636729970232e-08	8.050232913584971e-07	2.5776337994874666e-06	0.0027616571769157445	0.05894942890422526	0.25686196983738363	1.4450035107881113e-07
25.750981462428545	9.865304272809963e-14	2.4244630545755124e-08	6.568169121622603e-07	2.0769576245101106e-06	0.0024280383431778997	0.056159372345114734	0.24566714234634132	1.356268241705966e-07
25.851965703457676	7.853149169915496e-14	2.0202473666722443e-08	5.350279897893695e-07	1.6702751860618113e-06	0.00213078000249299	0.05344085097798824	0.23465831758909017	1.272742092132069e-07
25.952949944486807	6.245820127206695e-14	1.6815796197088428e-08	4.351148405970223e-07	1.3406098248690122e-06	0.0018664612597874598	0.05079640315373595	0.22385288636669493	1.1940828413165907e-07
26.05393418551594	4.963035280602246e-14	1.398151483919287e-08	3.5328515800900853e-07	1.0739170608000083e-06	0.0016319116562710195	0.0482281978793366	0.2132669827289548	1.119973772040856e-07
26.15491842654507	3.940193186835649e-14	1.1612211243437407e-08	2.8637812112166253e-07	8.586043040127638e-07	0.0014242020455632815	0.04573804352134239	0.2029154429759235	1.0501223288033551e-07
26.2559026675742	3.125359158649399e-14	9.633842332521161e-09	2.317640249177462e-07	6.851242755056615e-07	0.0012406345238411276	0.043327398061505165	0.19281177411815031	9.842587044426349e-08
26.356886908603332	2.476820953939025e-14	7.983770567779838e-09	1.8725900475798605e-07	5.456317400420496e-07	0.0010787316370771197	0.04099738075832812	0.18296813174038223	9.221343821614495e-08
26.457871149632464	1.961108207861152e-14	6.6090717780736385e-09	1.5105273548255765e-07	4.336944565939182e-07	0.0009362250689839893	0.038748785064957644	0.1733953071358174	8.635206572181505e-08
26.5588553906616	1.5513892050599607e-14	5.4650834275769565e-09	1.2164725669975446e-07	3.440504195172795e-07	0.0008110439934907381	0.036582092651950504	0.16410272350296792	8.082071598171715e-08
26.65983963169073	1.2261743773422623e-14	4.514160856412951e-09	9.780531792839742e-08	2.724045063015078e-07	0.0007013032558016544	0.03449748838300518	0.15509844092560582	7.560003980077011e-08
26.76082387271986	9.68268875319408e-15	3.7246131476429362e-09	7.850685191029218e-08	2.152585740272289e-07	0.0006052915266347828	0.03249487609265694	0.14638916978890018	7.06722336729532e-08
26.861808113748992	7.639271948048687e-15	3.0697939110104415e-09	6.291237045364868e-08	1.6976986589347873e-07	0.0005214595553605393	0.030573895017129368	0.13798029222248537	6.602090265636101e-08
26.962792354778124	6.0217154990084535e-15	2.5273254786836007e-09	5.033224493779207e-08	1.3363331056343878e-07	0.0004484086296786338	0.028733936732906827	0.12987589110441702	6.163092932813421e-08
27.063776595807255	4.742428142315877e-15	2.0784378272233716e-09	4.0200977395389626e-08	1.0498392964954648e-07	0.000384879332355569	0.026974162462053686	0.12207878610942578	5.748834969661679e-08
27.164760836836386	3.731586806297299e-15	1.7074060151238442e-09	3.2055694121556654e-08	8.231612109554977e-08	0.0003297406695280335	0.025293520608743635	0.11459057624099557	5.3580236732187274e-08
27.265745077865517	2.9335844997404204e-15	1.4010720946063786e-09	2.5518205554213905e-08	6.441706676519398e-08	0.00028197963025550183	0.023690764397767686	0.10741168824998074	4.9894591979875913e-08
27.36672931889465	2.304177435381162e-15	1.1484393543344717e-09	2.02800703063375e-08	5.03119289665074e-08	0.00024069122344030282	0.02216446949284812	0.10054143031300546	4.6420245537049915e-08
27.46771355992378	1.808195982509641e-15	9.40328407403882e-10	1.6090185837351718e-08	3.921886013863048e-08	0.00020506902595726512	0.020713051480283608	0.09397805032190606	4.314676451862136e-08
27.56869780095291	1.4177098093360775e-15	7.69086084281994e-10	1.2744497582287551e-08	3.051215915458584e-08	0.00017439626485311066	0.019334783111669616	0.08771879812106476	4.0064369990564205e-08
27.669682041982043	1.1105585302451096e-15	6.283393483799473e-10	1.0077483268591894e-08	2.3692172730899443e-08	0.00014803744677060633	0.01802781120806888	0.08175999102254577	3.7163862229785305e-08
27.770666283011174	8.691761961495834e-16	5.127875450652761e-10	7.955118739011934e-09	1.836076680631512e-08	0.0001254305392873043	0.016790173136933748	0.07609708192934674	3.44365540641209e-08
27.871650524040305	6.796517808733184e-16	4.180272431837959e-10	6.269080222162601e-09	1.4201385437474524e-08	0.000106079701581038	0.015619812782200926	0.0707247294045393	3.1874211959667136e-08
27.97263476506944	5.309790157484065e-16	3.4040474938960564e-10	4.931973864014545e-09	1.0962878222269617e-08	8.95485556792165e-05	0.014514595937187217	0.06563686903824102	2.946900445288904e-08
28.07361900609857	4.1445799405318336e-16	2.7689208562876914e-10	3.8734192053330326e-09	8.446415476980722e-09	7.545398444203235e-05	0.013472325059114604	0.060826785484784075	2.721345747087911e-08
28.174603247127703	3.232183038840028e-16	2.2498283303673267e-10	3.0368397111069486e-09	6.494926882533425e-09	6.346043829000225e-05	0.012490753333195275	0.05628718456861848	2.5100416043563854e-08
28.275587488156834	2.5183937728391574e-16	1.8260477372280415e-10	2.376837521227899e-09	4.984597180628014e-09	5.327472942881717e-05	0.011567598003131277	0.052010264888833126	2.3123011885290505e-08
28.376571729185965	1.9604853004080267e-16	1.4804671640083132e-10	1.8570507865377958e-09	3.818034461610005e-09	4.464128986232834e-05	0.010700552933549868	0.04798778838804571	2.127463630871763e-08
28.477555970215096	1.524810266900137e-16	1.198972822513165e-10	1.4484078842117977e-09	2.9187950151021218e-09	3.733786773084997e-05	0.009887300378242973	0.04421114939117169	1.954891792994675e-08
28.578540211244228	1.1848961499318266e-16	9.699376226449583e-11	1.1277080702095806e-09	2.227005671442884e-09	3.117163538159115e-05	0.009125521936044939	0.040671441662509855	1.7939704628994622e-08
28.67952445227336	9.199347678195073e-17	7.837944407212071e-11	8.764694971089566e-10	1.6958718273926774e-09	2.597568198871182e-05	0.008412908683718774	0.037359523074998145	1.644104924271e-08
28.78050869330249	7.135855399146149e-17	6.326805145518535e-11	6.799962716622893e-10	1.288898455783473e-09	2.1605863414064546e-05	0.00774717048228493	0.034266077532683833	1.5047198486799955e-08
28.88149293433162	5.53028244934326e-17	5.1014149019092444e-11	5.266241772495157e-10	9.776836591581372e-10	1.793798226276531e-05	0.007126044459785172	0.03138167383573138	1.3752584628540786e-08
28.982477175360753	4.282139863159411e-17	4.108854293074709e-11	4.071122795584649e-10	7.40170863016638e-10	1.4865271672401244e-05	0.006547302679501537	0.028696821225990092	1.2551819460866242e-08
29.083461416389884	3.3127346262034115e-17	3.305786044293317e-11	3.1415275555063094e-10	5.592675081771493e-10	1.2296157218766487e-05	0.0060087590081293165	0.026202021399629512	1.1439690160801038e-08
29.184445657419015	2.5604995856348184e-17	2.6567619951074378e-11	2.4197726297660496e-10	4.217559012013865e-10	1.0152272368343822e-05	0.005508275203322569	0.023887816821019946	1.041115664966937e-08
29.28542989844815	1.9773112452114013e-17	2.1328212797197646e-11	1.860409448148648e-10	3.174363979356328e-10	8.366704108151696e-06	0.005043766244388179	0.021744835218354193	9.461350108298356e-09
29.38641413947728	1.5255892726745825e-17	1.710331077811369e-11	1.427694556458309e-10	2.384549005686624e-10	6.882446692823217e-06	0.004613204933701833	0.019763830185970905	8.585572336772376e-09
29.487398380506413	1.1760139676306457e-17	1.370029176785365e-11	1.0935714958836641e-10	1.7877622283607253e-10	5.6510428283778696e-06	0.004214625799665634	0.01793571786051725	7.779295684504905e-09
29.588382621535544	9.057317609297195e-18	1.0962342130987934e-11	8.360561338199683e-11	1.3377262146071254e-10	4.631393029060221e-06	0.003846128334737037	0.016251609677616845	7.038163311904103e-09
29.689366862564675	6.96945756591426e-18	8.761950493581321e-12	6.379566911061605e-11	9.990303763882851e-11	3.7887153099400916e-06	0.0035058796042492318	0.014702841252259012	6.357989579212883e-09
29.790351103593807	5.358097632161869e-18	6.99555450751391e-12	4.858514683813905e-11	7.446361644908304e-11	3.0936387905381897e-06	0.003192116263438665	0.01328099745947375	5.7347603908209044e-09
29.891335344622938	4.115613006684493e-18	5.579141825771462e-12	3.692857362510244e-11	5.5394102597540493e-11	2.5214161647275927e-06	0.0029031460213206155	0.011977933821806189	5.164633354136431e-09
29.99231958565207	3.1584259772950552e-18	4.444639743404851e-12	2.8012727223085625e-11	4.112793578778685e-11	2.0512413246450333e-06	0.0026373485908383473	0.01078579433654758	4.643937640745954e-09
30.0933038266812	2.4216932905032568e-18	3.5369558276249283e-12	2.1206526789351412e-11	3.04764424464518e-11	1.6656596998890382e-06	0.0023931761650861907	0.009697025898543418	4.169173463883413e-09
30.194288067710332	1.8551534474253222e-18	2.8115551941802733e-12	1.6021045095080346e-11	2.253956874302053e-11	1.3500600795085316e-06	0.0021691534594046086	0.008704389493694628	3.737011110094079e-09
30.295272308739463	1.419883788237792e-18	2.232479595591695e-12	1.2078238260791554e-11	1.6637225767015535e-11	1.092237817476418e-06	0.001963877358800218	0.007800968354027335	3.3442894843341154e-09
30.396256549768594	1.0857704730874091e-18	1.770729773680694e-12	9.086362142963165e-12	1.2256605084569183e-11	8.820203790534732e-07	0.0017760162094899883	0.006980173277533785	2.988014146607803e-09
30.497240790797726	8.295365330347991e-19	1.4029461066899565e-12	6.8207525629282015e-12	9.011839564236056e-12	7.109471641472617e-07	0.0016043087924413383	0.006235745325009529	2.665354834639874e-09
30.598225031826857	6.332063639684741e-19	1.1103338846273588e-12	5.1086907769065545e-12	6.613185200682646e-12	5.719964445141256e-07	0.0014475630156131501	0.005561756112008109	2.3736424810917353e-09
30.69920927285599	4.82911211700974e-19	8.777889429483867e-13	3.817676812187577e-12	4.8435288870026575e-12	4.5935307577887393e-07	0.0013046543602303375	0.004952605916992732	2.110365745555363e-09
30.800193513885123	3.679608128621346e-19	6.931871849717153e-13	2.846258960723702e-12	3.5405202167661514e-12	3.682113951132591e-07	0.0011745241148797179	0.004403019827022766	1.8731670911343133e-09
30.901177754914254	2.8012257785667606e-19	5.468079895361488e-13	2.1169498333244113e-12	2.583010896716167e-12	2.946083941563115e-07	0.001056177429528579	0.0039080421401037	1.659838442988362e-09
31.002161995943386	2.1306245297980694e-19	4.3086685303402095e-13	1.5706430026977583e-12	1.8807859564650593e-12	2.3528286808422364e-07	0.0009486812197703145	0.0034630292389111047	1.46831647193991e-09
31.103146236972517	1.619116112956888e-19	3.391370396507203e-13	1.16232841694073e-12	1.366804763393396e-12	1.8755678974460238e-07	0.0008511619497210147	0.0030636411442396356	1.296677550286677e-09
31.204130478001648	1.2293097622336017e-19	2.666436661751548e-13	8.5790111253669e-13	9.913512746936497e-13	1.4923564680121364e-07	0.0007628033200543601	0.002705831948484779	1.1431324295070903e-09
31.30511471903078	9.325173692530538e-20	2.0941665868785257e-13	6.314661669115041e-13	7.176333784690955e-13	1.1852491434667267e-07	0.0006828438856932579	0.0023858393200135945	1.0060206907624368e-09
31.40609896005991	7.067483330094541e-20	1.6429149704847683e-13	4.634840415509846e-13	5.184795919925432e-13	9.396021989910385e-08	0.0006105746256978213	0.0021001732586649747	8.838050191566193e-10
31.507083201089042	5.351615703563362e-20	1.287487006938355e-13	3.3915473951827973e-13	3.73864886793237e-13	7.43490964992024e-08	0.0005453364859207264	0.0018456042711080486	7.750653517908863e-10
31.608067442118173	4.048715960700165e-20	1.0078468199105408e-13	2.473812180442354e-13	2.690615658586742e-13	5.872251702369903e-08	0.0004865179130603838	0.0016191511225963962	6.784929478935568e-10
31.709051683147305	3.060285634735267e-20	7.880796471893632e-14	1.7987396941586882e-13	1.932602903350363e-13	4.62946629005095e-08	0.00043355239684568785	0.0014180683090243495	5.928844268775546e-10
31.810035924176436	2.3111007646699935e-20	6.155588794702304e-14	1.3034613874842763e-13	1.3854394991105803e-13	3.64296069982425e-08	0.0003859160352468556	0.0012398333803187473	5.171358172161788e-10
31.911020165205567	1.7437654257147213e-20	4.8027833473367816e-14	9.408069624099796e-14	9.912574816923464e-14	2.8613787170774765e-08	0.0003431251358366973	0.0010821342332666376	4.5023665565904806e-10
32.0120044062347	1.3145269896009304e-20	3.7431764410192375e-14	6.765083172530878e-14	7.07846952364993e-14	2.2433317108678557e-08	0.00030473386473516033	0.0009428564790705425	3.912641726624111e-10
32.11298864726383	9.900638783117746e-21	2.914147356137393e-14	4.840759480805446e-14	5.0448264471673414e-14	1.755532785995831e-08	0.00027033195296487076	0.0008200709783683061	3.393775960771462e-10
32.213972888292965	7.450221556532318e-21	2.266243779310645e-14	3.4514040524867557e-14	3.5884514029316756e-14	1.3712659443798461e-08	0.0002395424685326383	0.0007120216242939971	2.9381260122162845e-10
32.314957129322096	5.601281817967598e-21	1.760457919450886e-14	2.4472867837502757e-14	2.5475451128779562e-14	1.06913299440371e-08	0.00021201966113588598	0.0006171134424974681	2.5387593155195246e-10
32.41594137035123	4.207439922050249e-21	1.366056238501163e-14	1.7259144643359055e-14	1.8050559709453292e-14	8.320301634687726e-09	0.00018744688507638265	0.000533901065964428	2.1894021028574574e-10
32.51692561138036	3.1576259792209543e-21	1.0588523781855998e-14	1.2060022762871216e-14	1.276478304959567e-14	6.46314212097864e-09	0.00016553460474812325	0.00046107763206781774	1.884389596120465e-10
32.61790985240949	2.3676402441589237e-21	8.19834444378572e-15	8.399487406720126e-15	9.009281941521799e-15	5.011245015463864e-09	0.00014601848595177918	0.0003974641395778311	1.618618405606064e-10
32.71889409343862	1.773711589564472e-21	6.340752652324901e-15	5.760676542377715e-15	6.3463043211757986e-15	3.87833094132665e-09	0.00012865757527401333	0.000341999294409023	1.3875012326120594e-10
32.81987833446775	1.3275856756515837e-21	4.898683379789473e-15	3.927588338394846e-15	4.461753620056912e-15	2.995997104014586e-09	0.00011323256885423791	0.00029372986469862526	1.1869239421046916e-10
32.92086257549688	9.927830998298878e-22	3.780435523949338e-15	2.6588570260934706e-15	3.1307201676601006e-15	2.3101235626853294e-09	9.954417104140152e-05	0.00025180155841249513	1.0132050431756698e-10
33.021846816526015	7.417515404529626e-22	2.9142594111436147e-15	1.8041877017617606e-15	2.192486321101363e-15	1.7779777706058962e-09	8.741154271573773e-05	0.00021545043004908543	8.630575891547381e-11
33.122831057555146	5.537003549875322e-22	2.2440807830650033e-15	1.142098888341369e-15	1.5324401054915699e-15	1.3658869015020892e-09	7.667083841112406e-05	0.00018399481714960993	7.335534862209718e-11
33.22381529858428	4.129556482637708e-22	1.72612670961727e-15	7.718746828336838e-16	1.069015744602722e-15	1.0473707716179043e-09	6.717383081833124e-05	0.00015682780219985115	6.22090179052027e-11
33.32479953961341	3.077118936925863e-22	1.3262663954835804e-15	4.500901362047763e-16	7.442839762798203e-16	8.01647525587331e-10	5.8786620773214655e-05	0.00013341019109631264	5.2635966451925626e-11
33.42578378064254	2.290854037770661e-22	1.0179179333291336e-15	2.5883831590439273e-16	5.17186538055134e-16	6.124402979002364e-10	5.1388430431745256e-05	0.00011326399560617444	4.443197694372475e-11
33.52676802167167	1.7039734299400656e-22	7.80402536996416e-16	1.6328686353762416e-16	3.5868212183493795e-16	4.670263216781287e-10	4.487047700047081e-05	9.596640414279094e-05	3.741676160206636e-11
33.6277522627008	1.266311298409466e-22	5.976521502956481e-16	6.848153784831601e-17	2.482711316193213e-16	3.554808857878557e-10	3.913492412123337e-05	8.11442226548693e-05	3.143151885830028e-11
33.728736503729934	9.402219995754545e-23	4.571957737304547e-16	4.240449332866578e-17	1.7151286145987563e-16	2.700775253273359e-10	3.4093907797413325e-05	6.846876544406311e-05	2.6336690717338826e-11
33.829720744759065	6.974813496914925e-23	3.493653543179773e-16	-1.629851667856531e-17	1.1825544230361215e-16	2.0481319571063307e-10	2.9668633590355953e-05	5.765117423605452e-05	2.2009910802160603e-11
33.930704985788196	5.1694823098604925e-23	2.666744263628867e-16	-4.462987313267847e-17	8.13766029394241e-17	1.5503320264742864e-10	2.5788541703769428e-05	4.843814278069021e-05	1.8344132662896428e-11
34.031689226817335	3.8280162382024263e-23	2.0333250505123177e-16	-3.679908963762066e-17	5.588972222326695e-17	1.1713557125190558e-10	2.23905365057686e-05	4.060802360634293e-05	1.5245927703406747e-11
34.132673467846466	2.832127185942225e-23	1.5486602800920714e-16	-4.384375386796334e-17	3.831054421228001e-17	8.833853190688002e-11	1.941827700801925e-05	3.396729324666292e-05	1.2633941985415924e-11
34.2336577088756	2.0934567744262908e-23	1.1782282060344817e-16	-6.800539075500251e-18	2.6209495825565056e-17	6.649804101317304e-11	1.6821524824512412e-05	2.8347352259395015e-05	1.0437501211225583e-11
34.33464194990473	1.5460641391134202e-23	8.954195612731835e-17	-3.403082035670191e-17	1.7895877060235056e-17	4.996487691515815e-11	1.4555546164515332e-05	2.3601636612287767e-05	8.595353333455931e-12
34.43562619093386	1.1407836268020892e-23	6.797475440228238e-17	-1.2463614578860818e-17	1.2195546986192573e-17	3.747296769981963e-11	1.2580564471079192e-05	1.960301749201786e-05	7.0545384803576855e-12
34.53661043196299	8.409909366008048e-24	5.154572156335519e-17	3.965421257993273e-18	8.294754853427814e-18	2.8052311449466246e-11	1.0861260394341121e-05	1.6241467248735352e-05	5.769376204865476e-12
34.63759467299212	6.1942911577426195e-24	3.9044647541658127e-17	-3.9044653735949286e-17	5.630666459230368e-18	2.096121785174686e-11	9.366315884188291e-06	1.3421969996136204e-05	4.7005604420166596e-12
34.738578914021254	4.558313373108481e-24	2.954297976635563e-17	-2.9542984324669e-17	3.814784629945451e-18	1.563369617904053e-11	8.067999296411879e-06	1.106265630693239e-05	3.814352989050271e-12
34.839563155050385	3.3514211466840846e-24	2.2329088459408712e-17	-2.2329091810829858e-17	2.5794922157129542e-18	1.1638690521679598e-11	6.94178852731093e-06	9.093142452532852e-06	3.081866786888157e-12
34.940547396079516	2.461875556552888e-24	1.6858215391678187e-17	-1.6858217853553744e-17	1.7408140948974383e-18	8.648561323311548e-12	5.966029321132719e-06	7.453055699890817e-06	2.4784307664530303e-12
35.04153163710865	1.806822336002864e-24	1.271382149258438e-17	-1.2713823299406715e-17	1.1725315638828264e-18	6.41476741556839e-12	5.121626030355593e-06	6.090728289245305e-06	1.983028531597858e-12
35.14251587813778	1.3248816001496236e-24	9.577772729966172e-18	-9.577774054847772e-18	7.882258362362408e-19	4.749143104519032e-12	4.391762248496403e-06	4.9620438366935475e-06	1.5778036571234158e-12
35.24350011916691	9.706238317196772e-25	7.207370576889475e-18	-7.207371547513306e-18	5.288478763139594e-19	3.509513314662017e-12	3.761648876975228e-06	4.029421035536381e-06	1.2476248921819165e-12
35.34448436019604	7.104558516128792e-25	5.41767669350716e-18	-5.417677403963012e-18	3.5413172816947715e-19	2.5886648635908388e-12	3.2182973299512126e-06	3.2609206407913197e-06	9.797050604246265e-13
35.44546860122517	5.195597564979477e-25	4.0679276790986645e-18	-4.067928198658421e-18	2.3667527380157427e-19	1.9059085573018144e-12	2.750315722537202e-06	2.629462814069973e-06	7.632679405183702e-13
35.546452842254304	3.7961745840381723e-25	3.0511058115482958e-18	-3.051106191165754e-18	1.578682929656064e-19	1.4006369763810926e-12	2.3477260272001747e-06	2.1121429586044913e-06	5.892578838009179e-13
35.647437083283435	2.771207932103973e-25	2.2859420780176777e-18	-2.285942355138471e-18	1.0509714369218895e-19	1.02741620463736e-12	2.001800319443702e-06	1.6896351895304683e-06	4.500873815481937e-13
35.74842132431257	2.0211768407922018e-25	1.710791491345665e-18	-1.710791693463349e-18	6.982981451071939e-20	7.522540446218496e-13	1.7049143662129686e-06	1.3456735509283658e-06	3.3941822733988965e-13
35.8494055653417	1.472827134894502e-25	1.2789478856657052e-18	-1.2789480329484188e-18	4.630680732987571e-20	5.497686210445786e-13	1.4504169381869488e-06	1.0666020048203243e-06	2.5197232875207724e-13
35.95038980637083	1.0722881438189058e-25	9.55064102793661e-19	-9.550642100224754e-19	3.064804419264312e-20	4.0104458910596106e-13	1.232513349698589e-06	8.409850792809588e-07	1.83368607681314e-13
36.05137404739996	7.799800504948634e-26	7.124199990376394e-19	-7.124200770356444e-19	2.0244854814448325e-20	2.9201332587834407e-13	1.0461618470553155e-06	6.592718647827076e-07	1.299827862424086e-13
36.15235828842909	5.66849475857537e-26	5.308399382448493e-19	-5.308399949297969e-19	1.33469042013181e-20	2.1223156501866108e-13	8.869815772379184e-07	5.13506798185572e-07	8.882718938393523e-14
36.25334252945822	4.115894815483454e-26	3.9510723691498433e-19	-3.951072780739325e-19	8.78214079304402e-21	1.539623668834772e-13	7.511709741578153e-07	3.970813628032384e-07	5.744800167967576e-14
36.354326770487354	2.985884809353749e-26	2.937583944297275e-19	-2.9375842428857563e-19	5.7673223074388056e-21	1.1148501013784615e-13	6.354354987616867e-07	3.0452147097848205e-07	3.38376990380806e-14
36.455311011516486	2.1641835656058392e-26	2.1816721825816924e-19	-2.181672399000049e-19	3.7800890017676916e-21	8.057784955318167e-14	5.369237622763299e-07	2.313058774840039e-07	1.636063394911209e-14
36.55629525254562	1.5672107568233952e-26	1.618499648774986e-19	-1.6184998054960616e-19	2.47277045677115e-21	5.813158499126347e-14	4.531711488385785e-07	1.7371150327163916e-07	3.689987922842244e-15
36.65727949357475	1.1338953559826345e-26	1.199387813250085e-19	-1.1993879266396206e-19	1.6144312546993876e-21	4.186064852935487e-14	3.820501347634462e-07	1.286820314569698e-07	-5.245482177972822e-15
36.75826373460389	8.196544724877616e-27	8.878315231675008e-20	-8.878316051329481e-20	1.0519843654528095e-21	3.008825747294903e-14	3.2172657692180306e-07	9.371657434627261e-08	-1.1306284567664261e-14
36.85924797563302	5.919716561324338e-27	6.564858914229711e-20	-6.564859506201367e-20	6.841526120317327e-22	2.158665832901858e-14	2.70621312316915e-07	6.677560021003558e-08	-1.5179828919281497e-14
36.96023221666215	4.271528188518971e-27	4.848910188250314e-20	-4.848910615403133e-20	4.440692169137021e-22	1.5458633286239358e-14	2.2737647518596925e-07	4.620166409677995e-08	-1.7411911647736218e-14
37.06121645769128	3.0794836599405642e-27	3.577558880236252e-20	-3.577559188184618e-20	2.876751335424813e-22	1.1049791122657449e-14	1.9082599704905928e-07	3.065279769641033e-08	-1.8432967038100375e-14
37.16220069872041	2.2181187603210833e-27	2.6366552432691524e-20	-2.6366554650810285e-20	1.8599786251884175e-22	7.8837771310339e-15	1.5996980933999732e-07	1.9046696500098424e-08	-1.857987724953113e-14
37.26318493974954	1.5962611712082379e-27	1.9410816817582054e-20	-1.9410818413843224e-20	1.2002385142463297e-22	5.61451058647492e-15	1.339513178477629e-07	1.0514088171102944e-08	-1.8114027195329068e-14
37.364169180778674	1.1477184625975849e-27	1.4274410502006925e-20	-1.4274411649725388e-20	7.730029285937309e-23	3.991046317526374e-15	1.1203776344618523e-07	4.359887022134262e-09	-1.7236194138042393e-14
37.465153421807806	8.244779586514076e-28	1.0485676618811528e-20	-1.0485677443289486e-20	4.9687677249026665e-23	2.831776199451027e-15	9.360312476658104e-08	3.093185204086735e-11	-1.6098778443104043e-14
37.56613766283694	5.917455428430335e-28	7.694114493268464e-21	-7.694115085014007e-21	3.187647036059307e-23	2.005526398879868e-15	7.811325584538349e-08	-2.9107257604306845e-09	-1.4815808476386084e-14
37.66712190386607	4.243294795221774e-28	5.63955369917898e-21	-5.63955412350846e-21	2.041012822506244e-23	1.4177352419439188e-15	6.511298562377851e-08	-4.8098671550403634e-09	-1.3471088628614031e-14
37.7681061448952	3.040070656713232e-28	4.129093668727424e-21	-4.12909397273449e-21	1.3042931550080218e-23	1.0003666012259488e-15	5.4214936749468065e-08	-5.936241708874881e-09	-1.212480402519609e-14
37.86909038592433	2.1760877994924014e-28	3.0198727315981093e-21	-3.0198729492068893e-21	8.318761483905306e-24	7.045641293675869e-16	4.508984868368567e-08	-6.499435024201717e-09	-1.0818847646224104e-14
37.97007462695346	1.5562573451461532e-28	2.2062079903187138e-21	-2.206208145944448e-21	5.295367491478096e-24	4.953123652527185e-16	3.745821489110823e-08	-6.6610143747975145e-09	-9.581093065004405e-15
38.07105886798259	1.1119843576095948e-28	1.6100085140236196e-21	-1.6100086252220554e-21	3.364244204025174e-24	3.475642570266639e-16	3.108306611671077e-08	-6.54441524218039e-09	-8.428802042989432e-15
38.172043109011724	7.938312758296994e-29	1.1736370176601251e-21	-1.1736370970432526e-21	2.133206489140687e-24	2.434379836140615e-16	2.5763751650250083e-08	-6.242956691178026e-09	-7.371323859161323e-15
38.273027350040856	5.662001715520858e-29	8.546008737911503e-22	-8.546009304111675e-22	1.349995294385989e-24	1.7019189453233248e-16	2.1330588251887503e-08	-5.826313891181865e-09	-6.412218352631679e-15
38.37401159106999	4.034818945419123e-29	6.216082544099023e-22	-6.216082947580917e-22	8.526790420239996e-25	1.1876451507403226e-16	1.7640262254616508e-08	-5.3457227092660454e-09	-5.550912277450774e-15
38.47499583209912	2.8727006310866914e-29	4.516417902037435e-22	-4.516418189307498e-22	5.375178584997398e-25	8.272405664002715e-17	1.4571884451110877e-08	-4.838144775179943e-09	-4.783979111412193e-15
38.57598007312825	2.0434732259722528e-29	3.277897540637898e-22	-3.2778977449852206e-22	3.3818487663977075e-25	5.75140887425328e-17	1.2023609882110319e-08	-4.329585022442444e-09	-4.106117495771124e-15
38.67696431415738	1.4523115711702638e-29	2.376405427611044e-22	-2.376405572842201e-22	2.1235839890278063e-25	3.991296208064984e-17	9.909745725919785e-09	-3.837719939246022e-09	-3.510889507129145e-15
38.77794855518651	1.0312474957751111e-29	1.7209553539867968e-22	-1.7209554571115463e-22	1.330879322147796e-25	2.7647188413248093e-17	8.158280287374594e-09	-3.3739675912505605e-09	-2.9912688698107724e-15
38.87893279621564	7.316077206837509e-30	1.24492325289495e-22	-1.2449233260557223e-22	8.324571503820886e-26	1.911548323480715e-17	6.708774731511754e-09	-2.9451074838954077e-09	-2.5400398905383212e-15
38.979917037244775	5.185682423578765e-30	8.995793154209835e-23	-8.995793672778077e-23	5.196836743966086e-26	1.3192189675475993e-17	5.5105668229181685e-09	-2.554540023892842e-09	-2.1500805974048396e-15
39.080901278273906	3.6723648079818845e-30	6.493221976440395e-23	-6.493222343676875e-23	3.23795072271751e-26	9.087528562521157e-18	4.5212426265308206e-09	-2.2032568323165684e-09	-1.8145560131170935e-15
39.18188551930304	2.598351976540948e-30	4.681714712791937e-23	-4.6817149726271346e-23	2.0135173288343788e-26	6.248445515496035e-18	3.7053379998753047e-09	-1.890582049504243e-09	-1.527043277291672e-15
39.28286976033217	1.836802274459352e-30	3.371891167109386e-23	-3.371891350789614e-23	1.2496675234386804e-26	4.288401922778471e-18	3.033236851379902e-09	-1.614732930236113e-09	-1.281605648698723e-15
39.3838540013613	1.2972960619397e-30	2.4258618154807577e-23	-2.425861945210364e-23	7.740830727439814e-27	2.937759729559873e-18	2.480237636855534e-09	-1.3732380366978338e-09	-1.0728284935394587e-15
39.48483824239044	9.154361420074208e-31	1.7433415267415383e-23	-1.7433416182851525e-23	4.785580577988873e-27	2.008789182108871e-18	2.025763490785594e-09	-1.1632441590613358e-09	-8.95827665577171e-16
39.58582248341957	6.454004638706378e-31	1.2514767883467122e-23	-1.2514768528867586e-23	2.952811142154533e-27	1.37103879871161e-18	1.652694807569673e-09	-9.817382408577974e-10	-7.462389900782281e-16
39.6868067244487	4.546139472055947e-31	8.97401992883398e-24	-8.974020383447927e-24	1.8184052815123786e-27	9.34033440928787e-19	1.3468060602840506e-09	-8.257025120177649e-10	-6.201942776573865e-16
39.78779096547783	3.1993997111914227e-31	6.4279896269930995e-24	-6.427989946933071e-24	1.1176341735601606e-27	6.351442961571462e-19	1.096291224535282e-09	-6.92220392821036e-10	-5.142894374144202e-16
39.88877520650696	2.249606254357628e-31	4.5992520629106656e-24	-4.599252287871291e-24	6.85587098576732e-28	4.3110164059791657e-19	8.913644104978625e-10	-5.7854436328575e-10	-4.255476482172717e-16
39.989759447536095	1.5803627476064046e-31	3.2871775583834533e-24	-3.287177716419728e-24	4.19739243593052e-28	2.920681806185445e-19	7.239242399088674e-10	-4.82136039628634e-10	-3.5138043168573267e-16
40.090743688565226	1.109224160880093e-31	2.346837514122657e-24	-2.346837625045073e-24	2.5647821944773187e-28	1.9750864586241846e-19	5.872721745365298e-10	-4.006862058363928e-10	-2.8954858506888013e-16
40.19172792959436	7.778468927180699e-32	1.67365826753669e-24	-1.673658345321379e-24	1.5641391260970837e-28	1.3331692071356377e-19	4.758764420313334e-10	-3.321204905775402e-10	-2.381242121540454e-16
40.29271217062349	5.449807788818918e-32	1.192269569531183e-24	-1.192269624029261e-24	9.520379158219293e-29	8.982179566001575e-20	3.8517444380329276e-10	-2.745946763282145e-10	-1.9545450245695223e-16
