	Norm	nv	Rv	Z	x	d_Chol	s_Chol	d_PCN	s_PCN	d_CG	s_CG	dD_C	r_D_C	s_CH2	d_CH	s_CH	s_CH3	r_PCN	r_CG	r12	r32	T	V_H	V_BW	Con	X2
0	0.01	2.3831377407655436	382.8334077694052	5.1	0.44313097491445835	2.750668076264133	3.000440872805657	3.8947939959989157	2.417933936273633	0.7795237965952158	2.3883909844376485	27.973534810451117	0.15205685348512904	2.580109844435571	9.0	3.05	3.446897485546479	0.2920561906673268	0.454259548819018	0.81	2.0700520431814704	37.0	326.3828728195223	28.468630745406706	174.73131566629638	11.481314283077477
1	0.01	2.3064026946503007	381.0774331750853	5.1	0.46034743702991465	2.677650923962156	3.0059456872227344	3.9128324827104795	2.5785871529169	0.8452307749029722	2.3642564347367854	28.24792998363706	0.14363569368723064	2.5021855021400183	9.0	3.05	3.41768814615388	0.28765271856890823	0.45489365613073396	0.81	2.0932798927372835	37.0	324.97473960642816	28.578358360577305	180.62792382726832	12.885167871779203
2	0.01	2.2726114179097654	384.0007481403974	5.1	0.4585854913712678	2.7042115531176876	2.978652275371659	4.230270547813174	2.5920742106920267	0.8434456125925908	2.4383946279932163	28.16225793473565	0.150934793405321	2.5291578586519305	9.0	3.05	3.3964378112885347	0.28997320395824105	0.449181166614486	0.81	2.093001935160639	37.0	324.82080184159423	28.61211844350658	182.56496632136682	13.559943289936673
3	0.01	2.3193786237510983	392.58365099136415	5.1	0.45312316662287294	2.664404547870222	2.9665550785699772	4.408451966870771	2.1523879979754277	0.7579261422863378	1.840239932036449	27.12482901775442	0.1428102930625718	2.531478263709533	9.0	3.05	3.0813233495217047	0.2878659263619089	0.46358997958583	0.81	2.0692143034857198	37.0	330.6656668201954	28.553036446962995	180.54410988340268	11.810197700389809
4	0.01	2.6879206506975644	351.16072746115054	5.1	0.45362399869169323	2.592504722740495	2.951796703626445	4.3451934361490725	1.8317858546335324	0.7197347389496718	2.372916404453283	28.003508133206466	0.17331321191933724	2.5244367075183645	9.0	3.05	3.3744877415847174	0.2865829428672164	0.45504297901744933	0.81	2.0603994694355143	37.0	327.2837863789337	28.609992807816422	182.49289559912717	14.953609241197032
5	0.01	2.408677678957054	391.22324458368143	5.1	0.44221819196078344	2.6620067106466623	2.9748003808424337	4.204582486728249	2.2170408389638268	0.8121245251417746	2.5000091544461003	26.984974853217384	0.14307727530702316	2.5001580703988053	9.0	3.05	3.3435346689026613	0.28783981934102965	0.45352062183372843	0.81	2.075323654663943	37.0	320.9226449339673	28.52015254065432	181.30679890862805	10.9955257654804
6	0.01	2.3612642281086997	382.6487477113866	5.1	0.4609580150214803	2.706047934399762	2.97849978992245	4.1370860460408405	2.2611690269720786	0.768929573632621	2.4705954947866218	27.428503479333553	0.15435554881658317	2.507097816304297	9.0	3.05	3.510164682642137	0.2883058756342419	0.4584780943177222	0.81	2.052678626856344	37.0	317.79105759892894	28.606549958114307	176.7995307974994	12.017876234971963
7	0.01	2.6380820288659477	363.1673782719248	5.1	0.4654875683453432	2.6483507565956965	2.9688602325067	4.159810622582317	2.1454020449977294	0.8664326731105818	1.770159693695828	27.322294012448925	0.15121955286563357	2.4744027476569053	9.0	3.05	3.5277193213895326	0.289531476791732	0.4497032057531873	0.81	2.088184265123368	37.0	316.6356079937032	28.776749023161834	176.1027313641041	13.032253319962235
8	0.01	2.682971551781848	358.18715125823445	5.1	0.4634664831773896	2.7570879934838137	2.9511021583231614	3.833414219308749	2.0474400034166904	0.8086068555566593	2.062344348961832	27.62151409906643	0.14805215794886686	2.516945391902594	9.0	3.05	3.4806090198584005	0.295031362170327	0.44721140013859617	0.81	2.1103358110674226	37.0	317.2550941220597	28.734551741543076	174.88752163889941	12.537254788192103
9	0.01	2.387256251235129	389.8374664688089	5.1	0.43294283917587395	2.6893122460944223	2.993146658809808	4.27509412433428	2.455077784159711	0.7762643661458825	2.2267589395804355	27.730344694663632	0.14919270225653902	2.5520169429649027	9.0	3.05	3.3843362219836925	0.28499827663536326	0.4448657026655106	0.81	2.059186644987805	37.0	330.0354998608894	28.50682301324037	181.92168533907508	11.463885602255017
10	0.01	2.256252842186682	383.3326330964521	5.1	0.4552152819446175	2.6355283830176304	2.9716999782975417	3.939553561983491	2.1406226674622055	0.7783325435520432	2.1116859657509104	28.288696201662756	0.16326782083904576	2.5094983188293827	9.0	3.05	3.309653997837904	0.28718361828110367	0.45795014145677343	0.81	2.1200178188780483	37.0	323.7557274121081	28.4870511002758	184.04265507359494	13.503354215416932
11	0.01	2.306688085254374	379.2371670047566	5.1	0.46708585645431916	2.637261702843426	3.018893203335598	3.359858305705384	2.8010753843037106	0.8667333106434149	2.3724150732185407	28.86569704584309	0.10189259378634312	2.5201405822942906	9.0	3.05	3.085935712512368	0.2879724478663869	0.4612293147476182	0.81	2.06181296705157	37.0	322.67325614002874	28.484982420521046	174.63163294359967	12.080184742201096
12	0.01	2.062416827232017	413.8692736627463	5.1	0.4388614602584458	2.6780149741317363	2.993940543487898	3.7692486188740157	2.429853761047566	0.7445036090441373	2.174201750084202	28.602483210060846	0.1442867852665395	2.446900625547068	9.0	3.05	3.456412205545104	0.28717917955580685	0.4466736062904185	0.81	2.073962319818263	37.0	331.84848790500183	28.419568237257398	182.2914697969034	15.453905119809775
13	0.01	2.2140290978554353	404.6443233207116	5.1	0.4389671038219034	2.715364880108556	2.995775920458749	4.191470389048239	2.4244615754023404	0.8514114846094321	2.2447134394675707	27.79390109497985	0.15503242385437704	2.4594672147293526	9.0	3.05	3.2156000249083743	0.28804088407972306	0.45081728819659833	0.81	2.037887441270835	37.0	325.98080753839895	28.61110290342661	181.05208961358184	17.740524441193898
14	0.01	2.3685059346627404	382.32849052565615	5.1	0.45498563320065155	2.6598987531008254	3.0092857696891064	3.9841206267740223	2.5571127465515597	0.7499349466219744	2.387902693632293	28.151905747201052	0.14379000779274023	2.5011196558277944	9.0	3.05	3.418805818296713	0.29453257347221445	0.4405888969665757	0.81	2.0944573423715007	37.0	326.43142163989177	28.679277189816986	180.55950623694076	14.642713428518022
15	0.01	2.2160905285612555	391.802664495193	5.1	0.4463368592207004	2.695502354175072	2.9732842881335193	4.288307687936605	2.2213413447973216	0.7908838241797705	2.191184717642233	27.832837009854106	0.16382467407396872	2.514999479103057	9.0	3.05	3.5963721134125635	0.29194774688923875	0.44551308114713273	0.81	2.0890037206065353	37.0	320.64019058390085	28.49131799810689	175.8459565629012	12.069055845267819
16	0.01	2.2713316697517323	376.4725770463544	5.1	0.4579144409224606	2.7032511509468837	3.023002388034718	4.234594290867231	2.474382456069552	0.8094899359711653	1.9783822257430785	28.457429320788094	0.14723083947181295	2.5177140506420406	9.0	3.05	3.3864439072948054	0.28781083988243844	0.4423502069687847	0.81	2.087053606828301	37.0	327.2141143952805	28.47548592722927	182.92857916769736	11.243399415396691
17	0.01	2.376401872204548	381.24224244878934	5.1	0.4573177557162043	2.7446009237170044	2.9867904796373517	4.247700121678622	2.1501605653392186	0.8082835916451022	2.203088802616123	28.092409325579087	0.14011054164029507	2.462970423734207	9.0	3.05	3.257277030097153	0.2881010856581752	0.45510200358990677	0.81	2.0856313650179086	37.0	327.11231410828896	28.717040838705657	178.02002436374752	14.2773135050086
18	0.01	2.377588320076004	378.8138701138671	5.1	0.4680537766280795	2.7378922964513364	3.0214702065409154	4.13043489001803	2.1830510469731257	0.7795467593194241	1.940644770385348	27.579248766918756	0.13489348413626345	2.537285298953686	9.0	3.05	3.6133979807897356	0.28922363669611423	0.4466806180425165	0.81	2.0850143720251766	37.0	316.28002861173394	28.678215985807892	179.01105008936938	11.180628413348453
19	0.01	2.545179659939831	378.1132994138428	5.1	0.4383661131697387	2.7423497816408657	2.988410242713389	4.029004355444278	2.628973704080742	0.7545154422613585	1.820337153281543	27.720741958299495	0.14718316372312104	2.5194658218683914	9.0	3.05	3.597666428855766	0.2933950997543298	0.44067333542627096	0.81	2.051692392001432	37.0	323.9611040572001	28.594739617979936	175.1918830411387	12.08954315692781
20	0.01	2.328956804179357	383.0401789752306	5.1	0.4652089613664674	2.658244903790441	2.9903242120311595	3.953976018290377	2.573806525336359	0.7985129655294265	2.3547147001550233	28.16075246581131	0.1396354308806671	2.53904938275021	9.0	3.05	3.5144443815654633	0.2900779303759686	0.4458269411127452	0.81	2.0562264611399192	37.0	324.40537907273807	28.743060744876477	172.40930827355865	15.807747655505187
21	0.01	2.262808228752081	388.76301638166865	5.1	0.4530903493594562	2.7729978438987852	2.9787358075122228	3.821507551174444	2.0663092071578335	0.7965315010994974	2.3308833167655525	28.143366255140425	0.14294641077731568	2.493379038622829	9.0	3.05	3.3325429426392703	0.30107544988999774	0.45611100653299064	0.81	2.118869503897746	37.0	330.5085148902516	28.50121032328316	173.80543102773413	11.628510300401791
22	0.01	2.4334910620616843	386.56312105182485	5.1	0.44504881184722284	2.6661931397255865	2.9963266300662807	4.284600242277809	2.6361239345724115	0.7841980954428364	2.4594291811545763	27.60737473110682	0.13755287701469562	2.489558827292532	9.0	3.05	3.3479664110398946	0.2917769093414927	0.4496442043713139	0.81	2.037867975897714	37.0	323.3177867602206	28.646646765368438	181.97308251428183	12.98010533197774
23	0.01	2.722702732045374	365.05488043265996	5.1	0.45937908144815853	2.7773680374143717	2.9862259510860705	3.966909267642698	1.8938753381101447	0.8606630836528449	2.0739032031118687	27.26041739141656	0.12704171688464233	2.593951428215909	9.0	3.05	3.5340753968205507	0.28939012983526524	0.45344813160845526	0.81	2.1101083886350867	37.0	323.07374740735634	28.758646612936634	183.79423073586898	12.715114772727636
24	0.01	2.2266633110216687	387.10504551625445	5.1	0.4444719292132913	2.744249271708964	2.995882882419411	4.109210084062601	2.7710609766515386	0.7580244498660942	2.1448551800829607	28.8375332463905	0.15541924077232214	2.474118352970615	9.0	3.05	3.3725441277350456	0.2865669543726944	0.4420383216102989	0.81	2.0405234864950517	37.0	326.9550626077046	28.529970376184835	168.86862274815195	15.894897679961533
25	0.01	2.1392720390047124	401.3800193442541	5.1	0.4581801969892423	2.7617552228451165	3.0016631253764396	4.30166226244114	2.7152447388670837	0.7809464768249255	1.8527871222066565	27.667572971637195	0.1512312302090712	2.5268570502292103	9.0	3.05	3.7162015841814573	0.29301829720012595	0.4305851771971237	0.81	2.1095240579857353	37.0	326.3606671580161	28.641967511822976	176.06915328802822	16.5692173343972
26	0.01	2.234216935985173	393.67434671421813	5.1	0.45461365916297525	2.6845365901897345	3.0598348217511693	4.363621507715548	2.8120076068899658	0.7828913943101045	2.3800029760106387	27.98293181501388	0.14823168626584482	2.5015568294803656	9.0	3.05	3.529568576716488	0.29473608044239213	0.44706597775951734	0.81	2.1194751517126384	37.0	324.0339448249492	28.696300300771718	185.68128804609586	16.302781682776512
27	0.01	2.3233127796330386	384.62285389159564	5.1	0.46568899478119963	2.6641360273613226	3.0507378774624936	3.99877801976145	2.403206575970209	0.7599282542406585	2.076270990497353	27.978799360525034	0.13487522036476066	2.5577730866237482	9.0	3.05	3.5699968508379727	0.2960413679231029	0.4472138229758817	0.81	2.095554349297757	37.0	325.19622661204215	28.699808510580908	185.66527158188094	13.917174058001278
28	0.01	2.3798606857809417	386.02101772598564	5.1	0.4464374747489735	2.6954476576407416	2.9973858152018966	4.098994199164597	2.6070293284851997	0.7955369751833032	2.1645580936266726	28.122699726409444	0.13908080066171521	2.4564794954507807	9.0	3.05	3.1780287528622955	0.2943288402571658	0.4549836739255506	0.81	2.0875698503633857	37.0	330.9798947040713	28.644554335715835	182.1513687591692	14.402426659788082
29	0.01	2.4311835373745287	377.4238039239974	5.1	0.4611759880928759	2.668843160925959	3.0194503153893266	3.983752880339003	2.119729865134046	0.8663155872865744	2.1823929472956127	27.69278449946764	0.15406209187058068	2.4806281433209123	9.0	3.05	3.666520909972931	0.2827822885966873	0.44556950686431696	0.81	2.099870788189008	37.0	321.69624173499267	28.743562456289148	176.55050217492493	15.728851213228165
30	0.01	2.63743715621868	372.5090809971884	5.1	0.4421457056969472	2.753398869347191	3.0001055931108422	4.167664323660251	2.3764912203148008	0.8344820564345541	2.15738745414105	27.124384401966573	0.15499400573356584	2.5783007443248493	9.0	3.05	3.3754186976559377	0.2861958853725986	0.44894326531494516	0.81	2.0535433035983006	37.0	323.9249740644905	28.601913689915317	174.1453962783788	12.113479502474481
31	0.01	2.4440115706518264	384.02359837719064	5.1	0.44815294417517465	2.7082066307663326	3.060316487565451	4.344329591448732	2.374660714765283	0.8036832360804804	1.7173610562601036	27.385586276779357	0.14211085455643757	2.5447020733268757	9.0	3.05	3.457050334110826	0.29493274871156455	0.44613396089443186	0.81	2.161944316233366	37.0	326.306001942287	28.67938081691931	183.82422137483846	12.120503470600436
32	0.01	2.3471033089522226	384.7524228786767	5.1	0.4694743281193061	2.712874387770722	2.9748350826731342	4.025871222536433	2.429250307797881	0.9464023434701554	2.3258614601217813	27.11117906564201	0.15191866347684566	2.506797098961828	9.0	3.05	3.245310802750491	0.30467808876518565	0.4628978394472562	0.81	2.114771821628905	37.0	313.98063126290293	28.727997867127492	194.03493820401292	14.456663917566354
33	0.01	2.301646625252175	389.71346961361814	5.1	0.46704877626491453	2.6549205446777786	2.973327463345396	4.051339407532454	3.4842684661679324	0.7711781329000641	1.960703687821401	28.526361121466778	0.10571202439274888	2.5148878425648213	9.0	3.05	3.2527765780624516	0.2811133313690659	0.4295055526042732	0.81	2.0129507559596624	37.0	321.9420368983944	28.87105499556611	168.7875388953589	16.458384013399954
34	0.01	2.24962398503014	385.6245834978305	5.1	0.47092205299866385	2.70937184204993	2.992935715353356	4.09874442720922	2.8261382564016433	0.9130112969518659	2.340489126954836	27.693120370305593	0.1524577159104368	2.4891991726132146	9.0	3.05	3.322102899867564	0.2863908527777288	0.4545563032285532	0.81	2.0778190506461236	37.0	319.0751764872197	28.670582222451497	176.6276451540292	13.82439150821517
35	0.01	2.9985368616283146	352.1119783112418	5.1	0.45099603379700537	2.743319624091791	3.0337015702935917	4.593745447776644	0.8145741523830842	0.888628106816747	1.669491268837683	27.415587586703268	0.10483849747131076	2.3744232552381836	9.0	3.05	3.5878475421833205	0.2760725681803983	0.46266818197704024	0.81	2.048880226277803	37.0	333.68104159685123	28.886579339431968	173.22865791947012	14.133991215779144
36	0.01	2.395815035468341	374.67274655446795	5.1	0.45496106790668067	2.7125459670110783	2.94573533590273	3.975571574081297	2.6774405814672244	0.8745696156206931	2.380304401310667	28.432900495767274	0.15020606933332142	2.5224463734328038	9.0	3.05	3.4407791145055855	0.2860771860079942	0.43975060303967684	0.81	2.1770419126861023	37.0	326.9466944598538	28.656773859260237	184.80731586491626	13.997858212312794
37	0.01	2.4422642313868224	372.92736908965503	5.1	0.4681513461445627	2.728023576537993	3.0518506336486837	4.048723607530844	2.901109238657519	0.8090041333286881	2.130293616004929	28.103121541105814	0.13088265857177778	2.5532002032730694	9.0	3.05	3.241128983200425	0.28479207693247727	0.4468207625531541	0.81	2.091249484042636	37.0	323.6232080647056	28.78151049524288	179.36766592212533	14.372798066915461
38	0.01	2.2470486465834436	401.4090397399081	5.1	0.4418187469085886	2.6891499637580467	3.0405809824642502	3.9510887492498132	2.5617388954987894	0.7475504656774025	2.1625362528716745	27.775522042636346	0.14953466777062502	2.509731545791431	9.0	3.05	3.560082580672516	0.28494902726619953	0.45725180333937754	0.81	2.1476890113073024	37.0	331.33543788721107	28.502757777311132	182.48133744669911	15.413034401228417
39	0.01	2.4488793267257023	388.3560940391814	5.1	0.45049850881390524	2.7452710287683444	3.0335980482171325	4.02309798326081	2.8348395000979636	0.7835968774159809	2.3071256040133514	27.427733110353852	0.1333325902383339	2.5043774148626112	9.0	3.05	3.3588031551262865	0.29114046309188973	0.45026435744765175	0.81	2.0720142125383445	37.0	326.2743226736384	28.72276145147091	183.07077426151122	15.063468604146616
40	0.01	2.2065142100945017	392.78243687529226	5.1	0.46749746026641964	2.697629733774884	3.0318919774164623	4.144419858360567	2.5282774253569142	0.7563744158053056	2.35590919283323	28.10932479781161	0.13943666221936404	2.469098295032862	9.0	3.05	3.4095723668871685	0.2944611936055726	0.4315745135752976	0.81	2.0667356004980006	37.0	324.1580570717511	28.797961456093113	187.16505985911166	16.31050208017645
41	0.01	2.6224999452665516	375.3259364494473	5.1	0.43964506421210575	2.7940003816374017	3.026399715180328	4.579072783205539	1.6599119646506388	0.7431938710260592	2.396567682580711	27.63728584032524	0.14574738059331485	2.5012959703793247	9.0	3.05	3.561786507357578	0.2928338665556987	0.4357971568112444	0.81	2.0718239889477803	37.0	334.5012674503331	28.833931927096323	170.15673233148672	15.26317364424424
