# -----------------------------------
# SAS_MoCa Version 1.5.0
# Tue Apr 28 14:05:19 2026
# -----------------------------------
convergence:
thermo:	1
maxcount:	100000
conv_threshold:	4
neg_water_scale:	5
statistics:
scale_MAD_to_std:	False
hist_mincount:	10
# -----------------------------------
datafile:	./POPE_50C_tmp_submission.dat
save-folder:	RES_POPE-example
qrange:	[0.005, 0.6]
model:	LUV_POPE
temperature-init:	400
target-X2:	5
data-binning:	1
error-scale:	1
iterations:	100
processes:	24
plot-only:	False
state:	0
# -----------------------------------
# Collection of the result parameters (medians only) for each iteration.
# -----------------------------------
	Norm	nv	Rv	Z	d_ENX	s_ENX	d_P	s_P	d_CG	s_CG	dD_C	r_D_C	s_CH2	d_CH	s_CH	s_CH3	r_P	r_CG	r12	r32	T	V_H	V_BW	Con	X2
0	1e-07	4.69834786349618	342.4606738835361	19.00923703765407	3.611950297466204	4.1470682933055585	3.272009417086624	2.719846964264476	1.001984978350536	1.57351430862019	30.0020241499094	0.03261246851240407	2.4738210217572747	9.426976485524081	2.8	2.7471657607165905	0.1477532166510145	0.5789572165063241	0.8125410699255043	1.9269027714628846	50.0	241.4635064668419	30.20354143752387	0.0017107797052088541	18.873881908734123
1	1e-07	5.322579188904687	315.96987226196916	19.499368343978315	3.4234689765731265	2.422555944221191	3.17781742510282	3.0691953763454416	0.9294610216449523	2.2590000869960405	31.430586335695576	0.03572956763698813	2.675940066968804	9.262720257066952	2.8	3.0068900912513414	0.1225761432721734	0.5314152067935228	0.7812875772956461	2.0525136404094724	50.0	246.76412268977575	30.449086819029695	0.0017962821193740182	21.36400372548039
2	1e-07	4.673914557470684	349.80963803370366	17.6913332298876	3.386440461949829	3.5251786325426155	3.28531445668497	3.035632451660573	0.9580616957100375	1.8856518362875916	30.933119479219343	0.033103800704140554	2.5823297422522007	9.215601652661158	2.8	2.669071183811435	0.13848019088334676	0.5445641557694187	0.7645615358992807	1.9758896277408953	50.0	254.20077885453355	30.267203205567558	0.0018545030087033078	19.470934679503184
3	1e-07	4.831007859545227	320.7273992228622	12.907011095429445	3.1296668058756736	2.5334605618532704	2.7815246748643117	2.682516683797008	0.9645883899374101	2.1458475870859375	31.00512225241594	0.0323888717855284	2.6171775256890486	9.158651214382125	2.8	2.855688861743641	0.15011932667032676	0.578656583947299	0.784851738207385	2.115057029449128	50.0	243.91486418394842	30.183314277681347	0.0017745869123472553	20.394744496199042
4	1e-07	4.931656254454515	355.2216090030538	26.330551832931892	3.5614672691493845	3.469920593530668	3.1239032382647562	2.557482196063021	1.090018862843635	2.6975624365284587	29.801563798454925	0.0342067568336319	2.5308888670491965	9.640148045574337	2.8	3.063686013056747	0.14526746640897187	0.5850160059021545	0.7923954823697373	1.9340885392862792	50.0	253.3123397731226	30.19156513713383	0.0018337263739879811	18.428653742870736
5	1e-07	5.051844254102239	346.97992427079157	18.512888012661847	3.4348128639327746	3.5755325518061043	3.2183562939635886	2.697803437328436	0.8153211018793861	2.2968448725301784	30.582320046648256	0.03753558242350564	2.7570074610166886	8.670153717980108	2.8	2.7313825781391534	0.14113285984985185	0.576275879696344	0.8625139180315182	1.9769131186597764	50.0	257.86346261022186	30.20058312828521	0.0018171164031548744	21.773401624646787
6	1e-07	4.960338377570782	323.46437031420504	18.287261295299746	3.3692615053282653	1.884946051083443	3.0233174236322973	3.0174415591194896	0.8992959561140783	2.0217991079430426	31.079847651635223	0.0328205799655523	2.868287150644235	9.838418972693177	2.8	2.561872104500769	0.14748281669376126	0.5503610132825201	0.8535455896103848	2.003814532438155	50.0	240.6689587271567	30.266103543054108	0.0019004711804590005	18.189809773161947
7	1e-07	4.243187102245779	350.2403889619648	18.22643433407492	3.6603141070133574	3.793092047649151	2.7263569287523493	2.4303659806275326	0.8793100126732081	2.4420312186688773	31.15451728288104	0.030133874058851227	2.8485888895805913	9.963812446073172	2.8	2.9103753818061144	0.1367895216919081	0.5839262168361768	0.8573788768897821	2.0995434623530063	50.0	245.865182378257	30.224836039447112	0.0015947558526052054	21.7066632386629
8	1e-07	4.57165313446774	322.6977430377736	14.623264407093933	3.509271611302857	3.5241572862438186	3.06037313701205	2.9151643952384623	0.7617501817816533	1.829909764150831	31.599733364964063	0.035645037205835194	2.6612299512837363	9.259526481529772	2.8	2.868151650025555	0.14414680896123958	0.5416360902515789	0.7807559854241405	2.0958125883186076	50.0	237.70090725083548	30.282058761992737	0.00177772899502812	20.473656450171294
9	1e-07	4.950254916666996	342.48487297173597	12.146766594472826	3.366023182732945	2.6504768134490284	2.977718400573326	2.6511104789023294	0.8680380406549791	2.3474311002216206	29.597650695156826	0.03339778252229794	2.708811866311579	9.670171231020605	2.8	2.6921768542224114	0.1655321842243667	0.6217802611218392	0.761403408911354	1.8670374010779183	50.0	246.58752993300595	30.14500185663524	0.0018168123334738949	20.169499143939216
10	1e-07	5.450165078368936	317.220214692493	21.224850353287252	3.5763602586846552	4.355557172837502	3.185048496353	2.566736968066384	1.0084485804280143	2.0070699858559897	30.634009762110008	0.03541786386896282	2.60957729261162	9.484371977489667	2.8	2.8782899325816516	0.14977116170254007	0.562684275280736	0.7995408804373977	2.075396178910249	50.0	250.22451792338543	30.217288062272658	0.0017994324800223276	19.229909324525753
11	1e-07	6.247481281334463	296.9011922692555	8.28654758177547	3.7298154674180415	1.8611063676920336	3.162619857927305	2.64522374285781	0.8658072637169419	2.119536197535326	29.996875991648867	0.03544059992425589	2.518904101944361	9.434701452525868	2.8	2.9169624251035082	0.1457371868083393	0.6026262770530774	0.871911508318416	2.0491850870088584	50.0	252.4023482313128	30.167673539859607	0.0019687223507602446	21.208508416292922
12	1e-07	5.323914509886742	335.97703717457085	29.219827159271773	3.3850418081223754	3.184133495775354	3.198379547824811	2.77160516149964	0.8769139208417663	2.814722719251949	30.132891521544487	0.031207330897055498	2.801012067539524	9.783149266434068	2.8	2.9393256877181533	0.14017690101291955	0.575719382942584	0.822638820107418	1.8754807299490859	50.0	244.16521670468742	30.27281340376317	0.0017899340209996094	17.592540947258172
13	1e-07	4.302992467308459	339.5258123286995	28.716578891596203	3.309976167701628	2.1010129981518677	3.1562313661037513	2.6540512677414116	0.9636837418377691	1.9359735197583952	30.413836513811116	0.03598131436017831	2.7869999523587143	9.330554991181108	2.8	2.8280200635608495	0.15837283638594743	0.5723701997003758	0.8041640672103876	2.0640881865556686	50.0	232.17971373139773	30.203034411881987	0.0018410567863540396	20.175567373026603
14	1e-07	5.871784284217983	313.55465894860754	21.45532611083095	3.715440370592104	3.3462782019143478	3.091481494978622	2.7390988955971642	0.9580017627631848	2.6563900782423113	30.038428919685128	0.03444483287609281	2.6736021469024474	9.585812626335017	2.8	2.7590893991848975	0.13684654744461072	0.5828752010073834	0.768977653432368	1.8699350510097619	50.0	241.6593172030035	30.27143793485856	0.0018278653799559071	19.018216904746623
15	1e-07	5.967560299102029	316.1157659239743	17.737612645379432	3.337670254465606	2.2465228176850203	2.9169978489538644	3.192656793634157	0.9312255155144937	2.352302532004331	31.518141326773073	0.032996867255660575	2.5273215925146313	9.565823834671173	2.8	2.8127552196578955	0.1499377556373302	0.5225720809922881	0.7573219722265951	1.8892717691741068	50.0	256.0640997685536	30.320026886520743	0.0018005951229399843	18.549879314818572
16	1e-07	4.677833111418314	332.9608105386897	25.46961055796213	3.4845759091268653	3.067116846488276	2.9927704494761667	3.0183405703940513	1.0059997068670223	2.3128670306917023	30.7709634219092	0.0325361858845897	2.5835463861974923	8.93875989241088	2.8	2.735494056516249	0.158664993509556	0.5341030930945188	0.8498429054809149	1.9761370182543623	50.0	233.55687026392462	30.280975613292462	0.001817764809408786	17.334147103157292
17	1e-07	4.255254197223375	346.4276438458723	22.773035671083257	3.3063839954906635	2.773027945730925	2.8328661662811236	2.997414030969995	0.8902943244211735	1.949805754711441	31.420020199421675	0.030890076387435326	2.814102920065941	9.573875779001183	2.8	2.809701192260269	0.13450909322053475	0.556566880211368	0.7578153371657687	2.002626724659974	50.0	239.893284197004	30.329866344292313	0.0016757807393100376	19.794329619326128
18	1e-07	5.069157144796963	323.2440212352803	31.046549586467293	3.456153193305915	3.828301122265305	3.1202751162869724	2.6201672943914724	0.9136677993391681	1.9111418665507178	30.83952160571167	0.03181276657055856	2.632577946203388	9.330674045745177	2.8	2.8594790703959587	0.15283130931550212	0.5618051550817179	0.742601627482719	2.041066527117653	50.0	243.48783696551536	30.20757493054453	0.00168798480225657	18.38729181527414
19	1e-07	5.074631808628068	331.2030831735803	20.35735849196938	3.619385620919764	3.504359695096664	3.5882009589621555	2.6293109280367397	1.0036680386910937	2.4766401781517926	30.474268858273096	0.03588185812309759	2.510901233195288	9.537231123978783	2.8	2.9933651622959796	0.16244744157516253	0.520082326681192	0.879030746676754	2.053151078417264	50.0	246.64175497746578	30.2998369774989	0.0017828988812296752	20.965476632197607
20	1e-07	4.460204079488046	337.5367822016186	25.40008517146484	3.3004591122600484	3.4137269493315197	2.9577142015247064	2.621156442870264	0.8202179656670542	1.8050422910053072	31.19837868305146	0.036924118532557754	2.703811357786392	9.617051235665631	2.8	2.7693741204232	0.14771861976887543	0.5699795180907274	0.8193178585679722	2.091092730623429	50.0	242.56644914374448	30.2118419341524	0.0017010293153132201	21.660490674999497
21	1e-07	4.560894473835815	337.4344317246267	23.318338337463498	3.3928129282783943	4.198282978035773	3.0788173535471697	2.5925604083918867	0.8021820679341726	1.892985834409791	30.823446328046845	0.035343592839752296	2.4399479279872565	9.458992238524608	2.8	2.5887717806953963	0.13776992051870235	0.580893673762495	0.7790627473255289	1.9757200210418666	50.0	239.88135140099325	30.236501602541736	0.0017021851934362327	19.252465522782213
22	1e-07	4.598714770454406	358.82238462839535	32.31988028074097	3.4770998022915873	2.8935915605791904	3.1272567505328963	2.847707533101354	0.9450568059155597	2.369006497598028	30.43516497389984	0.03623399639289542	2.4310813584097155	9.323063278534079	2.8	2.9179163016295546	0.1460451618498293	0.5635714267817361	0.7967566644351942	1.9342369877082501	50.0	248.66991806701597	30.244747496498494	0.001757763138826919	21.874705499513592
23	1e-07	5.146515604252084	346.0507447863958	28.198259273130237	3.47578276139447	2.680354704454782	2.79811281381873	2.9283048397536886	0.8081139113726848	2.1651484132343826	30.635197614073086	0.03489536886792675	2.616622822520349	9.20349991154244	2.8	2.6492141167883703	0.14867606672704967	0.5871701135892504	0.7884898056638704	1.8294376622782655	50.0	251.33461082040623	30.19998958796106	0.0017633163713194789	20.399611542674144
24	1e-07	4.831582103213589	353.13687976919397	17.716581683369853	3.227094149900948	3.2049534981627823	3.3598415563102395	3.0286637867869346	0.8950251651147253	2.60873400023072	31.1675407046686	0.0323588323132351	2.7538288142217744	9.483416898226366	2.8	3.0962922335445513	0.14203266351561902	0.5228410145423493	0.8748332065264295	2.0056773614794476	50.0	257.9399247792687	30.345514607678822	0.0019721559542224144	19.115718682878406
25	1e-07	5.5451932768955325	332.72429071186497	18.362549474267503	3.321976657186062	2.554010888533192	2.707239703157112	3.46178235912213	0.8324025482576008	2.298642943675767	31.2258180883297	0.033622113098382436	2.698517024417392	9.791867427899456	2.8	2.843182444222011	0.12384899345100231	0.5622381354009921	0.7849104530376391	1.8074975497489423	50.0	251.2266341683962	30.362995740845804	0.001953821792623407	18.91341643772146
26	1e-07	4.659520119031086	325.95346134964774	15.151244168423892	3.52565419472645	3.952409945820682	3.612966238557117	2.247443488308197	1.0761215854803503	1.5594064755277621	29.832345113886443	0.03779474312048745	2.4779624300791685	9.383621380460953	2.8	2.8767501714782746	0.14187410925887142	0.5834484559524399	0.7760347455507731	2.1653653770143877	50.0	240.1628276793217	30.17844253491868	0.0018506018208388605	20.712809910497583
27	1e-07	4.726501081075676	341.10129578572463	23.013721780426597	3.564399057631636	4.146332079255538	3.173357553198489	1.8963992415738775	0.8361654118318271	2.5242226763858646	30.128206627933377	0.03413489935118432	2.72187951136209	9.263703382579804	2.8	3.0793472371739323	0.14643217403288827	0.608990232983165	0.7569598371496961	2.0906503881470986	50.0	247.30884881990417	30.151809311659065	0.0015329512706616067	20.286667051030882
28	1e-07	5.726673146168226	329.97252316997935	13.027038960264843	3.305737275037212	3.385563028859818	3.0143231540150808	2.9331089643424457	0.7789865013083439	2.625608578232228	30.538778564547055	0.03403406094012537	2.75247315038316	9.33993345808613	2.8	2.9839119317539975	0.14421294548034388	0.5785100297154213	0.7386714966368033	1.8509629887672738	50.0	255.45488267611134	30.20870707409057	0.0019931141839054974	18.24015431818566
29	1e-07	5.191741683107687	325.0910953314526	13.53089905131465	3.529521734590321	1.7512065701142352	3.624901094942927	2.8791233573287327	0.9636806667852241	2.116706490718081	30.350328036192668	0.03564735766378168	2.622313765362613	9.468178321749367	2.8	2.978385433333712	0.13643421890187474	0.5451361771829563	0.8239529629478248	2.0150724706838914	50.0	246.70244868735188	30.298530016930876	0.0018001368420683971	20.679828660605935
30	1e-07	5.3761991676185765	312.93840903086505	19.471851081197556	3.4303028296117235	2.247098193378525	2.999342953691737	2.4358925995655296	0.8884097426172288	1.7428874342583567	30.383485545211204	0.03207680294904281	2.727369378783626	9.665490074540259	2.8	2.9151523891262117	0.16121164038007535	0.6012390644871872	0.8547852633227916	2.1049917246511396	50.0	245.2697807155984	30.172739701908533	0.0016631876447412372	21.543869712839296
31	1e-07	5.094217331176522	307.13289927604916	16.95537263142423	3.570138979587618	1.984100798711251	2.7885432034893807	2.7626268342952627	0.7798119545252136	2.1104464896118786	30.89501965344021	0.03402373383906924	2.7719671940034947	9.52402522357989	2.8	2.834526874018878	0.15081858664114003	0.5887822912915585	0.7305807073511096	2.022189626226925	50.0	230.0399456549147	30.267707832694025	0.001823229293390305	20.148860740028194
32	1e-07	4.604443806590929	343.59785468535165	20.65427503619003	3.709626934253082	2.831420339101666	3.9366328169327858	3.0903959238218297	0.9129315761246222	2.3184865822868392	30.94352628592457	0.03192166742834312	2.6035658881238364	9.456756475172595	2.8	2.565816310589079	0.14328328673701685	0.4860321468319316	0.7683137374483652	1.9111905449302506	50.0	241.10675168523787	30.41984710247313	0.0017660667019259737	19.935826191733703
33	1e-07	5.3432181639979035	335.3392260035098	37.20397462173181	3.0473063429413676	2.784748799642919	2.8637048472551583	2.988526410533204	0.8364945773695553	2.8254385448497374	31.030967103678847	0.034763611836969084	2.7652145899832727	9.67393843335067	2.8	3.0067735563114755	0.1618073711047938	0.5412577304673896	0.7874440202933345	1.8868146178096719	50.0	246.86382173768027	30.282756592646564	0.001867243626182137	20.421543494949624
34	1e-07	4.807794018301691	341.4943745847103	24.325785934539873	3.33588752261619	3.1659186773235137	2.87497764350469	2.633776124699083	0.8218521846575956	1.9885573166429036	30.395368486407094	0.03755570384163813	2.5869822306527137	9.64797672522294	2.8	2.848552627721531	0.15310438028194903	0.6088970266530735	0.831263932075401	2.0094076100904927	50.0	247.28981256351378	30.13553021414315	0.0017526934889961457	21.300021597913123
35	1e-07	5.13684010350771	327.94713980736486	25.02137363236842	3.3113178114234136	3.6719508727950982	2.9361362968694382	3.0707585624055556	0.8060471609902059	2.5973337597166246	31.269880178143023	0.0329673473662598	2.737220415701648	9.529454821282702	2.8	2.77279363938565	0.11239058724025439	0.5615676838895008	0.8389778594628978	1.9537313078197696	50.0	243.19230753252728	30.486377631377408	0.001771387697803075	19.318077144002462
36	1e-07	5.488998386104613	341.86386532179847	30.07622238680611	3.385957513983919	1.3556762493932029	3.154595133874282	2.8773360321973858	0.8013905375982404	1.9451821348693263	30.270250900926392	0.03530156321522541	2.7021715177941137	9.18720457667984	2.8	2.674517612666504	0.15735329338402862	0.5874106616839019	0.8195779277279993	1.9086117376376945	50.0	259.0755090161	30.153676199131834	0.002057308839947867	20.157388712767602
37	1e-07	4.322238834861311	346.66367354819255	21.473444075588347	3.4424327045243244	3.5176036582583574	2.7310042677837614	2.7828454675560144	0.9145205526056932	2.62804845940995	31.18073545918697	0.032416062598610094	2.467282237852555	9.5723253434951	2.8	2.99354882008919	0.1477075737559604	0.5519917349439033	0.7571671329042314	2.004938295457742	50.0	238.90888366573182	30.293419597806622	0.0017904405577762405	18.162044850759116
38	1e-07	5.532953280432898	325.96362506075957	18.825921473481095	3.4579172118121564	3.7453998989743957	3.365895839568613	2.5932827608015705	0.7860617404798178	2.2548273728130317	30.183586512095165	0.03478440671600311	2.3638994972078726	9.552590777369236	2.8	2.8136943492850373	0.14530117045945354	0.5816560352195292	0.7951239644904444	1.942100880688947	50.0	250.97605367434824	30.202773485964418	0.0017405950658965252	18.503843529741786
39	1e-07	5.253975535141386	336.0540997546728	38.62849588926363	3.7413054115273447	2.1680098719158907	2.7064697148790144	3.068781288817859	0.8685218658467261	2.6487533038397557	31.479666262480546	0.034055135874504504	2.9413348365301695	9.855377324947105	2.8	2.8900603351077643	0.13193046799817226	0.5481725605758015	0.9094683017262856	1.9623003318866952	50.0	250.5376952928418	30.356554393811443	0.00177662917744186	21.600030915893694
40	1e-07	4.482687023936031	345.5102747609208	17.457584585036603	3.5499186553896904	3.5139837085675705	3.328476343808363	2.834328367505126	1.0228765082208797	2.636173571222222	30.35875269883367	0.032786059729220496	2.807464298027245	9.408181950861785	2.8	2.674482240044551	0.1455357451710758	0.54677942171189	0.789673974548257	1.9976279640240027	50.0	239.705329330084	30.261287930154488	0.002066518796042855	18.737652808027075
41	1e-07	4.802366730751341	344.2711150373149	37.232566446769994	3.3795128696285652	3.275178241197337	2.726654734330846	2.539818850170819	0.95713953545957	2.008774432008277	30.297478014688664	0.0345991369083316	2.6201989985127354	9.332205906538706	2.8	2.768838273707855	0.14498944498229802	0.6187540827556863	0.7515204878335079	1.9532027034289074	50.0	246.49485801978003	30.153987270594925	0.0016323072236725385	20.76405020211659
42	1e-07	5.69422524866251	305.4342253792117	14.751053289400508	3.1902503577618906	3.803758582691139	3.317855677344353	2.7046839329345236	0.8916885961072223	1.804674177076887	30.243357290385813	0.03190304220723393	2.627427880133741	9.365307671707958	2.8	2.944003303046036	0.14120506974600833	0.5814579501276639	0.6516563818392918	1.8946297822274631	50.0	238.63459573384654	30.25663042012739	0.0017794611085479935	17.982658128536013
43	1e-07	6.443080221175431	294.2096638612047	12.316661695740097	3.560210351467871	2.504207571259588	3.2826234263418	2.721541530176056	1.0600474568375993	2.245164769639352	30.32538582455306	0.03483812561043626	2.597319056582485	9.763031173289436	2.8	3.0248791762488136	0.13989252990848783	0.5696155262151894	0.6891138740974526	2.030397006436213	50.0	253.891178715476	30.20813468408158	0.0019688629815827617	20.923111596507045
44	1e-07	5.138019758879481	335.07475295486074	23.779018672257344	3.1921590846938246	2.9785708316990243	3.6466560823277714	2.594658702392186	0.983925578662813	1.6366658954157924	30.106382281491822	0.03350432226942617	2.86950874075286	9.552885718005179	2.8	2.8456016773464037	0.15751496535491097	0.5566519682824618	0.8444509834920328	2.0007331560476236	50.0	250.06023346842161	30.198024468471324	0.001738047217331515	18.444319887192655
45	1e-07	5.408616557312035	313.3695730712815	21.317370561196256	3.385339457597113	3.071206135355302	3.015301313182567	3.0035853266870562	0.8628447478173042	2.0831942548860307	31.2117139925433	0.03251402413403146	2.579987421505001	9.522340876531786	2.8	2.593246460476677	0.1286756920821211	0.5595641786419712	0.7935430105165154	1.9875084881725538	50.0	244.12736322124587	30.336416400037997	0.0018604857856039	19.223047798050217
46	1e-07	4.600676152279989	353.3626054938084	27.953697540585225	3.409585164499345	4.073023348237414	2.9256083917183644	2.776126637430293	0.7941667135076316	2.2128185771967375	31.110912187306926	0.035635469707066894	2.9574384696203286	9.117482932032	2.8	3.0307693938362066	0.13060149048828565	0.5843600209357642	0.7931433360381805	2.0459849719488243	50.0	253.38083067911967	30.230325155664836	0.0018923267841170445	19.295591664701174
47	1e-07	4.972906902132704	330.181821921613	20.93000364705284	3.518315740289705	3.36065506447485	2.8896087785690066	3.0827519024806542	0.9234699123324794	1.8000466888359588	31.114248230239376	0.03530055960276873	2.7308018161638103	9.599402169546977	2.8	2.509892798859539	0.14660575948072763	0.5528427153589768	0.737816896522053	1.9007964910067807	50.0	243.208372906689	30.27403728660027	0.0017908909202284055	20.41852396651054
48	1e-07	4.366358596425382	351.23994903516694	12.638273322923775	3.2570865385961874	2.207396612984512	3.3733943429892	3.1957548270492606	0.8853254233038264	2.504357226492039	30.553440780105305	0.03242433426084371	2.4523677602516276	9.592650857178802	2.8	2.5179634007908325	0.12617844534678777	0.5379114175229266	0.7910628783314057	1.846360355441608	50.0	236.37859855504678	30.42684107354985	0.0018790365892417179	19.521586127602216
49	1e-07	5.384670267010488	322.43355769055984	25.13879064745043	3.57074326574764	3.310087237885342	3.412649050481087	2.4875940577913407	0.8730272472823458	1.740259562664683	30.28855265470996	0.034351714193262155	2.622161853801579	9.408853719663231	2.8	2.7465273582036303	0.14295551923168137	0.5818210372698414	0.8789494743017789	2.0466779550611807	50.0	249.41047042352085	30.203345777992855	0.0017882749492894173	18.718908732337162
50	1e-07	5.657217469200002	317.9817495789748	18.730271042638854	3.344289013743748	3.305592260103825	3.0860084503840524	2.7799345838059812	0.7839279597382697	2.0637693562517825	30.879118000331832	0.033155205013470385	2.7011434343956346	9.48253607289014	2.8	2.746425273036353	0.14861780950657955	0.5708162260714349	0.809791987344486	1.9563444323248071	50.0	251.28332563101213	30.217706256938875	0.0018918751670352937	17.99958734631336
51	1e-07	6.17714933275312	327.2354153325348	19.285159035661966	3.3215809435556207	3.4715811923965347	2.8340997867960738	2.791961654431686	0.8997603327799948	2.253173829811103	30.480677217548703	0.034968527634991226	2.539770196227231	9.287114806885057	2.8	2.6175743493819157	0.14722058930866228	0.5922762556362452	0.7275111833675298	1.8404910794643539	50.0	263.8485749855476	30.140322098092764	0.0017763200417654325	18.842711084339555
52	1e-07	5.091686832515945	321.0982754874828	12.320201415993319	3.675883275815146	3.7884928175052313	3.1861032820645137	2.087337741737662	0.9089993429078868	2.0244853769818945	30.014265020076312	0.03691450495753632	2.3511787954579564	9.744504862464408	2.8	2.9987604928465545	0.13416913505164402	0.6192183875704107	0.8281090555163164	2.133402554190624	50.0	248.58237717361487	30.17866827130377	0.001667003084289244	21.051456911589483
53	1e-07	5.0011965626053705	346.6509314984589	21.518683391237197	3.617098429710733	2.7823787328381746	3.1358519619768717	2.944562051919174	0.7661829718360867	2.246058397981586	30.181549426499096	0.033868746176647674	2.636229364133174	9.228648024179746	2.8	2.824967520748218	0.12869058998716587	0.6022076038293824	0.8507739880542352	1.9238158458249814	50.0	249.50208697119118	30.2358493304194	0.0019508632531809724	17.507928985918827
54	1e-07	5.379350567400618	323.5151805039473	11.782460650122292	3.314503490932549	3.744933449050747	3.399975943995586	1.8525872911766674	0.8931163798472173	2.29993632880354	29.290676833636198	0.03345805605796421	2.7062419564777094	9.46423962448181	2.8	2.611561382606418	0.14472851030495665	0.6357570298308147	0.8821756277230781	2.0148729296136403	50.0	249.37796609726985	30.140286921383453	0.0015309219015090273	22.011030729369928
55	1e-07	5.0765706535568125	361.2175385258409	15.404379730656892	3.498781628621217	3.306592910796561	3.2721236585857825	2.3290753224499356	0.9529926576230605	2.7938365236241354	29.502519767467003	0.032430565584520586	2.6904408630140653	9.520665067006158	2.8	2.8663619913943554	0.168592251996439	0.595444388622174	0.8020073554293601	1.9516795479955156	50.0	264.0956979791903	30.10785193078168	0.0018520224589332382	19.275349609785014
56	1e-07	4.997490247334001	336.0181212998066	20.8370368657423	3.2678093268030364	3.381210561319118	3.0704462065263667	2.468911289973448	0.7867766842181396	2.3370283339125213	30.27578652885481	0.03535383489504945	2.6820483202657264	9.684262729670033	2.8	2.8498674706550537	0.14573749906919495	0.605329278469424	0.809708929439562	1.9667819110267828	50.0	246.04248790376806	30.166083253793794	0.0016696081172600907	20.11149603665659
57	1e-07	5.3234490461705635	312.98934344667003	9.358921167113996	3.2469277982203315	3.51577423472012	3.136802579404657	2.3832954275367557	0.9143828961618846	2.138891782044969	30.176185323885765	0.03541804964875148	2.566797873323477	9.513814486763263	2.8	2.5179086472141488	0.16071176340080026	0.588538632053113	0.7731800563928404	1.9428945122760695	50.0	242.88289745909162	30.196537142048257	0.0017512559081340816	21.22344862353864
58	1e-07	5.267091392113019	332.4227024939636	24.2101766045453	3.3222346291996097	3.841198892026993	2.6108031604656508	2.8241672189346136	0.9362177967954466	2.1257830110485827	30.65632923326245	0.03203851060922999	2.7379538471948877	8.999358192346588	2.8	2.64048808668502	0.14945667387452527	0.5962366801946773	0.8121096660398428	1.908085147706107	50.0	247.99615060494494	30.176103444979784	0.001821186024617172	16.39381253392797
59	1e-07	4.227030206655383	356.09216913839816	25.822493241333365	3.0253697002106112	3.336336522340197	3.616407151101597	2.8874560173819974	1.0427273862730941	1.8155194399299794	30.473237081759414	0.03138751809658113	2.6999316251990013	9.306293885516176	2.8	3.0676754167579645	0.1478149036619308	0.5383514293896373	0.8178311549212155	2.1187106750638303	50.0	245.32728735728702	30.235165656393153	0.0019730687520128493	16.848159345309394
60	1e-07	5.356793957935404	323.9101727690568	14.278476343870693	3.4655388839502534	1.7916165948971448	2.7988794840735594	3.1454665622507876	0.9394301416125905	2.2924327693810085	31.41621031368831	0.0337009125249095	2.6468529381053925	9.416138274388441	2.8	3.0094412279479243	0.14612792335087807	0.5395717170921975	0.8438764500281372	2.0045390435704684	50.0	252.46922741111416	30.30815103881439	0.0017573194685609865	20.023213318149182
61	1e-07	4.721937815176217	334.91775964098355	23.101948370606163	3.2372845867721893	2.795438089682624	3.6528364883747244	2.2775691489678906	0.8072843534642759	1.7675596870197732	30.303351724383383	0.032742195849823005	2.9076408270634686	9.587133539215648	2.8	2.907975057897781	0.14746636883885153	0.5770586281167308	0.7650975201850214	2.0620327962731126	50.0	244.38094787788287	30.208255530814977	0.0018224206558123289	18.76781015542751
62	1e-07	5.075758810231654	340.0514977813363	24.81555103862236	3.355859477133511	2.915821849697908	2.8523463783994183	2.8845288576192365	0.9154178907067122	1.9462583780346403	30.625206915902936	0.035575239954238114	2.675807413026677	9.228676093767408	2.8	3.0584530531359997	0.14866995009672476	0.5866780783324606	0.7665121441428754	1.9830727124771652	50.0	252.32219865750398	30.162157111769037	0.0018583723624504141	18.552183127393715
63	1e-07	5.698041398670101	308.92333640772546	14.685276200164123	3.4602545901548845	1.9277612086893698	3.222102589799993	2.817338143537209	1.0020198214315146	2.3955148565174604	30.03941145643157	0.036064508536026545	2.5208072790825318	9.413911581051604	2.8	2.7808988210616734	0.14292200835311378	0.5741448088652588	0.7969349740571453	1.9549228854167098	50.0	240.72404419652622	30.264061053907227	0.0018404204448216183	21.196929457564476
64	1e-07	6.349827057333989	304.64476958464587	22.22200675817464	3.2293247028311116	2.778782214647279	3.176435685830069	2.5732087564555663	0.9901009735037393	2.4936888293979016	29.522069612387558	0.035686186166841063	2.5400268382791236	9.458006864921973	2.8	2.9629930420693062	0.14816786386545236	0.6117132529327981	0.8025605479746346	1.9788348253596177	50.0	247.42462561644797	30.177192428612486	0.0017930812479821552	22.096849713214475
65	1e-07	4.848169649998795	335.19820509127646	24.45553339618814	3.3811313331581307	3.5814271473688515	3.0712521916462654	2.7411352366753365	1.030410469266185	2.713968236022457	30.358346799108027	0.03444149009877647	2.6288608067125914	9.555387499646127	2.8	2.571275543899975	0.1376180138918283	0.5641548274994156	0.754591251923985	1.9056329282242983	50.0	237.67225001590285	30.286697212154895	0.0017413757938070204	19.336064142053424
66	1e-07	4.987076238972652	332.05325930593943	18.87906638322185	3.2462190618216127	3.231483654470008	3.189354501492098	2.628029615085265	0.8297118813022673	2.255499148411556	30.712675796405808	0.03593696801615823	2.509184106093686	9.646605294559377	2.8	2.44082276102658	0.1383300549664338	0.5730803068903336	0.770738199714135	1.9314761823107627	50.0	246.65792679804593	30.246499209172335	0.0017386059221928293	21.235507260075277
67	1e-07	5.5070890066986	324.80965925804225	17.792156677285213	3.3715651947173497	3.649103338669966	2.815657399570188	2.5941420749992044	0.8661299381490581	2.3563011294634837	30.10058670126201	0.034388145480808804	2.458999090733539	9.6127806493329	2.8	2.743529846187777	0.1453969540588608	0.6208060804439005	0.7855987872354162	1.9207688330216326	50.0	248.91406761262212	30.12305806490066	0.0018469917556893844	18.11235778808473
68	1e-07	4.7536949850572965	339.1720544348045	19.43838767368822	3.5887726686314316	3.679303067518689	3.71148209774012	2.2473816904621033	0.8797700756234642	1.9589825680159239	29.458129108834292	0.030949703576677104	2.66486895645423	8.85870995934008	2.8	3.0572767883320715	0.13892992718476355	0.5964756508763374	0.7180596894212203	1.9471188033318034	50.0	237.86288425352953	30.22903189302037	0.001702677252242883	16.800103336086707
69	1e-07	5.183319035392135	323.4486713715633	21.190965898579545	3.4156646514139193	3.1378741731820505	3.216082390351362	2.5441045650846807	1.051546601907342	2.059885121589792	30.25582223934629	0.03623684945411758	2.7504930744173923	9.530088852812067	2.8	2.6596657650452276	0.14181345719686214	0.5751519675376137	0.9187776033722942	2.043136409749125	50.0	244.41327241546878	30.238519569894557	0.0016084013444269815	23.059387142137776
70	1e-07	4.5158300040887625	346.9519877677177	21.267729559190933	3.285715478319921	3.2608666429697877	3.0747751741257656	2.8478555793594986	0.8921775344155938	2.0421126818784447	31.062675775500168	0.035017452219772	2.5899968376194193	9.341994456569145	2.8	2.764989754139716	0.12718828741615362	0.5662180496123154	0.8544509456756109	2.0434054489810904	50.0	249.25249850169055	30.295029099229943	0.0016885439875713342	21.71050088084176
71	1e-07	5.39541778730362	320.92381445572573	19.183140124979186	3.3089225958801216	4.763683438133581	2.891899740414941	2.663207083023959	1.0445379397924346	2.2268157831510176	30.685651909365127	0.03389950237692731	2.8290816737471163	9.322097741793929	2.8	2.4545297121607423	0.14298379089346483	0.5697635952939555	0.821942079553855	1.9280403062535922	50.0	245.46017834184315	30.231241329077516	0.0016435587258449569	19.008344129886904
72	1e-07	6.042634199402234	308.17904504171446	11.3280609878934	3.51247204742816	3.8083018408751794	3.732135370288551	2.659901743222229	0.9348929197175476	1.8460892983276505	29.910173618126308	0.03487206538918163	2.8928819642773886	9.133961990972345	2.8	2.897818373370704	0.1302551964468388	0.573960465198349	0.7582542458967774	1.9689358180281689	50.0	251.494293792365	30.26312731121834	0.0018308165741438905	19.098406610984522
73	1e-07	4.438941699029269	344.11953799006244	23.866366079197793	3.394582623607498	3.5985140996159313	3.0117822349920464	2.8093718211179124	0.856672872114126	2.2386145114449953	30.60019270217732	0.033028168021847756	2.2765680129762362	9.248134272386622	2.8	2.467535726445411	0.13934608684152144	0.5825706935620454	0.7621426427138555	1.965042402351123	50.0	238.0415441715052	30.254893717633763	0.0018352848535509979	17.63678910064206
74	1e-07	5.611359561982083	315.01297986307503	13.486997502067396	3.2940343717101883	2.449586830270255	3.103028564396817	2.7226442347759017	0.9392773635410164	2.081411152141794	29.832978319594066	0.03597571181660896	2.4967324983508803	9.229384329224928	2.8	2.65882888962449	0.13439749189622321	0.6152774211407511	0.7690248664657588	1.9371871235625282	50.0	245.1883747479505	30.230812580504878	0.0018284335747411398	20.913668021990777
75	1e-07	4.819602894214634	333.74752569650036	14.32970594547541	3.3910595232498277	2.4309643914448404	3.16734421582514	2.622149166870964	0.8604618098182844	2.337707886931678	30.46106672872033	0.03466718417900476	2.6891893914666793	9.768478381345954	2.8	2.850053237685373	0.15686653414179788	0.5736094656735429	0.8719599470293761	2.042846115483427	50.0	244.66127813433704	30.19870229932013	0.0017676633090372776	20.69815472139687
76	1e-07	4.560799917984061	337.1163288551594	36.35541238815779	3.4476419202181834	3.3225750699281513	3.3241720721410015	3.084056385954744	1.0437079879485907	2.1254816624821786	30.831685616570663	0.036868541106431	2.189730266350637	9.576932769348899	2.8	2.8995323643675737	0.14725730768298928	0.5188981873110371	0.8456946446912489	2.0723073653067945	50.0	238.3513530590782	30.30678108513048	0.0018012204558541954	21.825744569970126
77	1e-07	5.365778888529667	339.53314119073036	17.378393348098676	3.145271843917887	3.610209422792832	3.271690187560638	2.992867439292202	0.9184173533614443	2.5891441330169487	30.000165362348568	0.0343664858496603	2.920170348873786	8.963687368657007	2.8	2.7043178877587084	0.12711875739030085	0.5794343910751953	0.8901485919069883	1.8327963265615674	50.0	247.50783309659082	30.29315599927572	0.0018548536437033051	19.136765052511095
78	1e-07	4.808601306785341	333.07238512809727	26.626177228715704	3.468485378985311	2.4091869308665252	2.9763838583734454	2.770366766308629	0.8990293876625697	2.6162848899107845	30.62104231182757	0.033171675512428944	2.5438920923466997	9.560854175815729	2.8	2.748215933870105	0.13784291163674692	0.5764487635204123	0.8539736450122568	2.0218463961202535	50.0	239.70747101257	30.266892049913693	0.0018462898778290003	18.54747800716178
79	1e-07	5.651407476161406	317.2891005535387	15.82107695669993	3.5054539255441344	3.574879850433168	3.659868685044116	2.2193266474739692	0.9032591345312603	1.7625826191454301	29.73517553401161	0.035329188049180116	2.5541917602890236	9.60203542968075	2.8	2.6902073987533814	0.12623313314174783	0.6019090456691291	0.7760801993072178	2.0003388032957328	50.0	252.70435419305576	30.21477085299509	0.0016863951416934565	20.83144831453888
80	1e-07	5.252264697525962	341.23848115430144	24.974535181287237	3.651374947988156	3.344941702163763	2.6917920169454286	2.6549191070379696	0.960810821302223	2.1146503408044266	30.797409945671042	0.03609860816477755	2.5883513658945074	9.496810843508323	2.8	2.6283677776004777	0.15114600289133162	0.5897690481903923	0.872054426222651	2.036925299678055	50.0	262.7247305222518	30.107506088906494	0.0017503402489158638	21.851728666470745
81	1e-07	5.585612492951864	314.15500653257953	15.170869423435516	3.5723277158753053	3.622315393322895	3.2002704726921687	2.377299757713836	0.8627738357988753	2.5666760858711806	30.384901903490753	0.03390400103833158	2.485015771099981	9.264759830239251	2.8	2.95832823537505	0.1421417857818038	0.5818016107118363	0.8663375373176018	2.0460459620719496	50.0	247.85039923562562	30.23785524015069	0.0016498841841040188	20.68000593496565
82	1e-07	4.981388273392884	326.0824725943816	22.800526746401918	3.4091116615354626	1.9218621399850115	2.74854108692432	2.809190110189559	0.8540069572749581	2.636248543677	31.36447279428543	0.03243428876995799	2.927718507662224	9.780663259353073	2.8	2.5168562331782205	0.15777014098003028	0.5446370226972643	0.7954466938365201	1.9502946851867953	50.0	240.6413778045675	30.27032997418512	0.001847158947730427	19.639482906839653
83	1e-07	4.915998413157755	346.0736130644008	27.570566100127287	3.576740535155766	3.5020576938508956	3.2066480925301044	2.488959503355256	0.7398200201304905	2.4728939918966106	30.10076539675457	0.034458508647791965	2.7904792599566313	9.765162618926254	2.8	2.787435459078484	0.15702840190866532	0.5900422643878512	0.8744018255448774	1.933481412154012	50.0	245.24077715049745	30.188309410938498	0.0017699158939872258	18.37604462196655
84	1e-07	5.240509825078282	338.009695039006	28.577008943601466	3.6290843982375884	4.207459009633507	3.3043027376456586	2.471030439946368	0.9096613255034379	2.2265149269384072	29.891563094171552	0.036866887269597325	2.6204945684985916	9.230870055678306	2.8	2.6157183526917414	0.14486835807433177	0.5914605488784266	0.8634729040502874	1.9620497483054187	50.0	250.28605285521172	30.17232155200647	0.0018169732335028286	19.710831562625405
85	1e-07	4.648074607267319	327.81677182445515	16.00821919477271	3.268843731342384	4.064438221376764	3.4037811838417085	2.6094399518002414	0.8283999845452894	1.9161282200253933	31.046579238204163	0.03453989583153731	2.9023738296634853	9.418992355057226	2.8	2.7592980494958863	0.15283924340218827	0.5398975980131823	0.7118630324136558	2.0216483551868256	50.0	239.36524266333507	30.243154393298976	0.0018321552822213962	18.51773519564716
86	1e-07	4.556326412709407	351.5354463124091	23.254683091611746	3.3416111054225244	3.717043739585262	3.243509440072952	2.291337580568266	0.8673876535016218	2.2607321300018532	30.215788500348136	0.03477928519414795	2.744727921823445	9.550258958532492	2.8	3.0034035215710713	0.14939654847279818	0.5933290475048331	0.7775956079302674	2.0541222238690744	50.0	249.49614757408386	30.145049030289236	0.0016873817506792958	19.330606441960818
87	1e-07	4.525802939398088	339.20860850991124	17.51425964799431	3.407927571495828	3.499680653127902	3.207881293990531	2.456160860608262	0.7453095636576651	2.1540461739066936	30.750396422254322	0.035766277959798205	2.6690312987395504	9.40150108852181	2.8	2.604121534088232	0.1321039008278036	0.5890960128293945	0.8252730530514777	2.035824781229425	50.0	243.5462197734778	30.24731159767346	0.001799771074335194	20.758846328416613
88	1e-07	4.48210884577441	345.3048715716904	26.61293445956976	3.3517676809859465	2.2900794365321246	2.735759742759239	2.89541845256584	0.8981705279183416	2.79926411788208	30.84324696053091	0.03515235350214286	2.6789074086145552	9.607642136346602	2.8	3.0189797272373857	0.12923106460733716	0.5847390862918637	0.8119029043895696	2.0339351788359052	50.0	239.8359949822232	30.292594074688093	0.001956366092469537	19.639601072837465
89	1e-07	5.252762952074799	326.4564008514067	15.930652777167811	3.385122822621919	4.347382493198305	3.2947247641013573	2.6872677976596195	0.9645902058186713	2.1998317711786175	30.500867816977653	0.034156401028710606	2.6508254856856284	9.284191295325506	2.8	3.053752048319451	0.14417249171044344	0.558751897183719	0.6972300241908795	1.9785771230116551	50.0	248.61432946263227	30.24245211434144	0.0017682752200247963	17.57053568509407
90	1e-07	4.833305849842896	326.5678329405419	26.641732542290047	3.4592093534461825	3.2775466545160787	3.2154975698552892	2.3985902867177495	0.7611883685109248	1.8954466555114233	30.293949103357225	0.031524271793792885	2.528629297057644	8.869507736020356	2.8	2.887397324056173	0.14750474185620183	0.6042048919345422	0.7519913553150489	2.0458999920957828	50.0	236.6911270013718	30.220575034307103	0.0017150378331601314	17.355589731114236
91	1e-07	5.530021503881186	316.5692549577663	21.41755823305272	3.427933644433821	3.167298686348766	2.820441634633764	2.920169477358936	1.0004992405727453	2.3133224545814564	30.55539401232764	0.033238820069378706	2.4430015921969366	9.08233867350277	2.8	2.808667704344708	0.16090558275710304	0.5650317658946993	0.7272409176585803	1.9313958714677117	50.0	242.28319332426196	30.22402638775812	0.0017120700267532962	20.19294044613434
92	1e-07	5.44302603257338	321.4990900333389	13.915213311157267	3.4715934997772115	1.7135729136554925	3.6220803404451427	2.6353976782303734	0.8476865692339377	1.9593659053534849	29.358927559527235	0.03375252913012858	2.6289864983680564	8.972362103404972	2.8	2.8379991126641966	0.14168808532224278	0.6033083334534671	0.7884091953509692	1.921219077505741	50.0	241.82519644350458	30.226697626731244	0.001954675161201564	18.606673897788987
93	1e-07	4.82249710004777	338.3220524827464	16.710809248123645	3.3579687232057873	3.956683693362148	3.503284568724132	2.168766801384796	0.7884403435899163	2.392781387058488	29.836776008739	0.03303569221045629	2.7087282271678226	9.499452805830899	2.8	2.785062982186346	0.15485219547645263	0.5926712270292027	0.8763824936959629	2.00282370300102	50.0	242.64050069378192	30.168018515062542	0.0016607320007040564	17.756688076320938
94	1e-07	5.306039970783753	313.38593019055685	19.337536490150853	3.335663166818704	3.0089742255532914	3.472571595001639	2.731751015190032	1.0005319559730708	2.3129518071295436	30.52329434583183	0.03354934695124012	2.4730373426673307	9.19621819855051	2.8	3.163552432535432	0.13781271528982939	0.5447331386669958	0.8634559304753233	2.1211609551316077	50.0	241.99451631421837	30.298293333350827	0.0018846532790521746	18.49600152428167
95	1e-07	4.817369049466384	348.59878618582013	25.827084089033708	3.3415099649329676	4.458470008179099	3.4750200520702346	2.801574355550701	0.9001516752880858	2.0519182445772564	30.231968529985593	0.0352626205621168	2.575067056114412	9.796583213116874	2.8	2.568614931000148	0.1405240038067984	0.5655572688988503	0.7619887756106941	1.8991078346253971	50.0	248.35553230413137	30.229404184569542	0.0019529501869156045	18.541230406500116
96	1e-07	5.332905597103981	320.161599669577	20.46235429788126	3.1948253831407434	2.247907378659979	2.8315055650343077	3.2476148274969843	0.8987760393399926	2.108638984202165	30.779567989886495	0.03445234022217233	2.5409245349218588	9.527613074614584	2.8	2.665899761221374	0.1550656923609005	0.5623056066488763	0.7630230102102746	1.8904431001449833	50.0	239.4303985014257	30.24184311729099	0.0018688324026203522	19.74121979566527
97	1e-07	6.7680581452902	291.0545601337431	10.661340022584735	3.2493225749468766	1.8802531487993075	3.2362819758450785	2.6987359100661013	1.0225354196539023	1.9741777813359132	29.466852690062876	0.03541573642882426	2.669351813246474	9.282653900271347	2.8	2.863256454843792	0.142976746123047	0.6152067165816316	0.6464582628785438	1.8760045334044806	50.0	248.77692869738536	30.18541144825845	0.0019048783213742363	21.183103600439292
98	1e-07	4.030311252981524	360.600138953459	21.646610142329394	3.455991381690896	3.21651103240165	2.9554785247909368	2.439705648231879	1.0677359565902336	2.0667188007468464	29.79756512190246	0.035786698086445745	2.4705550376353207	9.808045578320733	2.8	2.830832433779601	0.14974238532045922	0.6149577195206628	0.7563299504054486	1.9764606441063504	50.0	236.16369376272868	30.20637949585705	0.0017037857610731498	21.433536303822777
99	1e-07	5.029304150332142	338.6350388686999	26.777223872920043	3.6133446132693794	3.36986955037966	2.6195666697358684	3.490986286793484	0.9342672265656878	2.387481547649488	31.795947061295156	0.034591733455709685	2.6692963572845194	9.382305822616352	2.8	2.871854222236167	0.13151003847685888	0.5241532392204804	0.7904959485335035	1.8873970617098974	50.0	247.6874832094344	30.40676087271754	0.001864924736329144	19.56286449139434
