# -----------------------------------
# SAS_MoCa Version 1.5.0
# Tue Apr 28 14:05:19 2026
# -----------------------------------
convergence:
thermo:	1
maxcount:	100000
conv_threshold:	4
neg_water_scale:	5
statistics:
scale_MAD_to_std:	False
hist_mincount:	10
# -----------------------------------
datafile:	./POPE_50C_tmp_submission.dat
save-folder:	RES_POPE-example
qrange:	[0.005, 0.6]
model:	LUV_POPE
temperature-init:	400
target-X2:	5
data-binning:	1
error-scale:	1
iterations:	100
processes:	24
plot-only:	False
state:	0
# -----------------------------------
# Probabilities of finding a quasimolecular group at a position z (Angstrom) (distance from the bilayer center).
# SLD column: SLD contrast (difference from suspension medium) as a function of z; unit Angstrom^-2.
# -----------------------------------
z	CH3	CH	CH2	CG	P	ENX	BW	SLD
0.0	0.5069813828323079	0.0003385634633042694	0.49268004569101825	1.3796149080154745e-12	1.0498086836178942e-12	8.266849756253123e-12	3.9959885439114125e-09	-3.0411391397796402e-06
0.10101127248665089	0.5066577392717478	0.0003822306935594485	0.49296002182009835	1.918586165307924e-12	1.3648443038129924e-12	1.0187141508671952e-11	5.009917133827002e-09	-3.039985321581403e-06
0.20202254497330177	0.5056880476957303	0.0004309687903193415	0.4938809746867511	2.662596443206454e-12	1.771974321459365e-12	1.2541797207793537e-11	6.272140414936873e-09	-3.0365960201038537e-06
0.30303381745995267	0.5040760175178479	0.0004852894785508887	0.4954386831252825	3.687482736239515e-12	2.2973813869891187e-12	1.5426320519503055e-11	7.841153969861165e-09	-3.03098362454721e-06
0.40404508994660354	0.501827804819984	0.000545746203055824	0.4976264375626366	5.096303142591874e-12	2.9744737046781854e-12	1.895658349737695e-11	9.788659236514406e-09	-3.0231689398850565e-06
0.5050563624332545	0.49895197318725176	0.000612936328540254	0.5004350769816274	7.028798929587862e-12	3.845816261486888e-12	2.3273029858737247e-11	1.2202406513778926e-08	-3.0131810497797395e-06
0.6060676349199053	0.4954594393661981	0.0006875033122398479	0.5038530410875701	9.674033692323859e-12	4.965560647964931e-12	2.8545715057255603e-11	1.5189617432007492e-08	-3.0010571271024774e-06
0.7070789074065562	0.49136340422883584	0.0007701388277087691	0.5078664372170637	1.3287236974667708e-11	6.402497409733824e-12	3.498034327892536e-11	1.8881098209046405e-08	-2.9868421937423706e-06
0.8080901798932071	0.4866792696534281	0.0008615848162043718	0.5124591214014592	1.8212198485699088e-11	8.24388441307083e-12	4.282549080530712e-11	2.3436174563347718e-08	-2.9705888318335997e-06
0.909101452379858	0.4814245420543705	0.0009626354399156988	0.5176127928782936	2.4910972266603992e-11	1.0600240973223552e-11	5.2381239609987026e-11	2.904860115384642e-08	-2.9523568489512337e-06
1.010112724866509	0.4756187234066456	0.0010741389091178926	0.5233071012329661	3.400318441478615e-11	1.3611341927992486e-11	6.400948541978836e-11	3.59536265520034e-08	-2.9322129002185127e-06
1.1111239973531597	0.46928319071392466	0.0011969991532157869	0.5295197652514207	4.6317926863720256e-11	1.7453700183810003e-11	7.814623174848549e-11	4.443642343732379e-08	-2.910230070628003e-06
1.2121352698398107	0.4624410649623763	0.0013321773036002826	0.5362267024736166	6.296210563281384e-11	2.234989260731262e-11	9.531623671118096e-11	5.484213055870339e-08	-2.8864874212017745e-06
1.3131465423264614	0.45511707068366114	0.001480692954314602	0.5434021683580258	8.541024818538855e-11	2.8580164985202393e-11	1.1615044403241569e-10	6.758779230092889e-08	-2.861069502898497e-06
1.4141578148131124	0.4473373873196199	0.0016436251647519125	0.5510189039001023	1.156222278449558e-10	3.649685011974001e-11	1.414067050403165e-10	8.317652925150187e-08	-2.834065842415148e-06
1.5151690872997632	0.4391294936372169	0.0018221131670196134	0.5590482904931343	1.5619721705238869e-10	4.654225253241407e-11	1.7199438627748749e-10	1.0221432478116366e-07	-2.805570404225832e-06
1.6161803597864142	0.4305220064848757	0.002017356739250535	0.5674605107786109	2.105745395058717e-10	5.927079795663604e-11	2.0900355958515162e-10	1.2542987532741842e-07	-2.775681033348298e-06
1.7171916322730651	0.42154451521019687	0.0022306162050595058	0.5762247142053895	2.8329508290204737e-10	7.53764208481077e-11	2.5373959033371204e-10	1.5369801761863897e-07	-2.744498883429157e-06
1.818202904759716	0.4122274130740515	0.0024632120185791567	0.5853091860026299	3.8034071870081886e-10	9.57263744943692e-11	3.077640773944404e-10	1.8806732792913366e-07	-2.712127834791134e-06
1.919214177246367	0.40260172699728763	0.0027165238941052605	0.5946815182705224	5.095739499172976e-10	1.2140290301340882e-10	3.729432583369268e-10	2.2979257269483916e-07	-2.6786739070901647e-06
2.020225449733018	0.3926989469640101	0.002991989439383264	0.6043087819050095	6.813060143701578e-10	1.537545209088262e-10	4.515051784521817e-10	2.80372791845685e-07	-2.644244671187552e-06
2.1212367222196686	0.3825508563800118	0.003291102252017237	0.6141576980975161	9.090292055083071e-10	1.9445901367661925e-10	5.461071362392799e-10	3.415959050561134e-07	-2.6089486647542172e-06
2.2222479947063194	0.37218936464701585	0.0036154094394212116	0.6241948081875424	1.2103585977811857e-09	2.4560071371627374e-10	6.59915165145897e-10	4.155908580595172e-07	-2.5728948159920673e-06
2.32325926719297	0.36164634316364797	0.003966508524200474	0.6343866406940997	1.6082401187742661e-09	3.09765132929166e-10	7.966975963629998e-10	5.048884622083141e-07	-2.536191879684254e-06
2.4242705396796214	0.3509534659033404	0.004346043698882395	0.6446998744104816	2.132496529714222e-09	3.901546625934455e-10	9.609350756998156e-10	6.124922358589054e-07	-2.49894788957444e-06
2.525281812166272	0.34014205564864547	0.0047557013965445274	0.6551014965147729	2.821801004124225e-09	4.907298006862396e-10	1.1579497850501006e-09	7.419607264761068e-07	-2.4612696308283866e-06
2.626293084652923	0.32924293688175926	0.005197205147139595	0.6655589547247072	3.726190407193843e-09	6.163812580527964e-10	1.3940570525077032e-09	8.975029791123654e-07	-2.4232621360529514e-06
2.727304357139574	0.31828629624359506	0.00567230969321251	0.676040302608823	4.910258005958755e-09	7.731393523644729e-10	1.6767430324440426e-09	1.084089021436695e-06	-2.3850282080418175e-06
2.828315629626225	0.3073015513796841	0.00618279434325957	0.686514337255103	6.457199293539526e-09	9.684283511900687e-10	2.014872706398533e-09	1.3075774623919551e-06	-2.346667972088171e-06
2.9293269021128756	0.29631722889181705	0.006730455546199601	0.6969507285921543	8.47392621098878e-09	1.2113749056373434e-09	2.4189331070584614e-09	1.5748625412671765e-06	-2.3082784603564634e-06
3.0303381745995264	0.28536085201092914	0.0073170986763110065	0.707320139755183	1.1097515863526699e-08	1.5131814617637836e-09	2.901317411648992e-09	1.894043228580989e-06	-2.2699532304427215e-06
3.1313494470861776	0.2744588385005931	0.007944529024525268	0.7175943379882839	1.4503321701631482e-08	1.887577591750355e-09	3.476656399689614e-09	2.2746172617291552e-06	-2.231782019880151e-06
3.2323607195728283	0.26363640919290127	0.008614541999136712	0.7277462956745887	1.891515024228988e-08	2.3513646003842943e-09	4.162204736627475e-09	2.727703297173567e-06	-2.193850437968415e-06
3.333371992059479	0.2529175074507485	0.009328912546758978	0.7377502811854211	2.4617997280936316e-08	2.925071591421121e-09	4.978290644140548e-09	3.266294679871144e-06	-2.1562396959254105e-06
3.4343832645461303	0.24232472974380356	0.010089383812687995	0.7475819393375315	3.1973947147092015e-08	3.633744487411815e-09	5.948838766335649e-09	3.9055486624022185e-06	-2.119026375983744e-06
3.535394537032781	0.23187926742092752	0.010897655068667736	0.7572183613427141	4.14419703135793e-08	4.507893358772195e-09	7.101977456816955e-09	4.663115254612684e-06	-2.082282239684556e-06
3.636405809519432	0.22160085966056098	0.01175536894533159	0.7666381442255346	5.36025125331888e-08	5.584627915993804e-09	8.470743314737345e-09	5.559510238482475e-06	-2.0460740752626106e-06
3.7374170820060826	0.21150775748366596	0.01266409801623575	0.7758214397716396	6.918795718378411e-08	6.909016246233457e-09	1.0093897610568335e-08	6.6185372466607e-06	-2.010463583672199e-06
3.838428354492734	0.20161669862207462	0.013625330790321322	0.784749993150336	8.912026683060639e-08	8.535707936883764e-09	1.2016871288744624e-08	7.867764164363961e-06	-1.975507302476555e-06
3.9394396269793845	0.19194289294938746	0.014640457179743277	0.7934071714301028	1.1455737604007547e-07	1.0530869741485404e-08	1.4292857541201923e-08	9.339059468929794e-06	-1.941256566517049e-06
4.040450899466036	0.18250001810256572	0.01571075352017702	0.8017779822738609	1.4695022183452937e-07	1.2974490038459872e-08	1.6984073542303416e-08	1.1069194464458114e-05	-1.907757503994871e-06
4.1414621719526865	0.17330022485066895	0.016837367230839395	0.809849083161697	1.8811266829920237e-07	1.5963117656230983e-08	2.0163215853571832e-08	1.3100517682720588e-05	-1.8750510663392975e-06
4.242473444439337	0.16435415170325818	0.018021301211415364	0.8176087815419752	2.403070160259822e-07	1.9613111350653688e-08	2.3915137280670038e-08	1.5481708003718342e-05	-1.8431730900046436e-06
4.343484716925988	0.15567094819517405	0.01926339808272851	0.8250470263571944	3.0634829446610015e-07	2.4064488500214592e-08	2.833877663283735e-08	1.8268613281273864e-05	-1.812154388133972e-06
4.444495989412639	0.14725830623693087	0.020564324387195767	0.8321553914284225	3.897311259223547e-07	2.9485475626721426e-08	3.354937693725235e-08	2.1525181425619636e-05	-1.7820208698523219e-06
4.5455072618992896	0.13912249888096265	0.02192455487371895	0.8389270512117551	4.94783634784442e-07	3.607787936800977e-08	3.968103224156081e-08	2.5324490981784224e-05	-1.7527936848062423e-06
4.64651853438594	0.13126842582341874	0.02334435699954293	0.8453567494620945	6.268536664970737e-07	4.408341475742956e-08	4.688960824446286e-08	2.974988822777155e-05	-1.724489390449724e-06
4.747529806872592	0.12369966493903144	0.02482377578860552	0.8514407613539375	7.925334902377396e-07	5.3791148354838204e-08	5.5356087677667585e-08	3.48962376790856e-05	-1.6971201394890772e-06
4.848541079359243	0.11641852913257267	0.026362619191872844	0.8571768496161017	9.999302006403438e-07	6.554623719745807e-08	6.529039767707255e-08	4.087129260159246e-05	-1.6706938848401857e-06
4.9495523518458935	0.10942612778428526	0.027960444099956735	0.8625642152378898	1.2589902209329253e-06	7.976017098769373e-08	7.693578338474816e-08	4.779719168055889e-05	-1.6452145994199986e-06
5.050563624332544	0.10272243206805068	0.02961654316181001	0.8676034432985841	1.5818876566814257e-06	9.692275471929844e-08	9.057379977778423e-08	5.5812087333986506e-05	-1.6206825080888803e-06
5.151574896819195	0.09630634342949289	0.031329932565370866	0.8722964444609782	1.983487770108104e-06	1.1761610239155964e-07	1.0653000229049916e-07	6.507191027463323e-05	-1.5970943290800298e-06
5.252586169305846	0.09017576452621338	0.03309934093655973	0.8766463926535141	2.481898553535432e-06	1.4253094991841918e-07	1.25180426251592e-07	7.575227377485713e-05	-1.574443522294933e-06
5.3535974417924965	0.0843276719533492	0.034923199511922985	0.8806576594451894	3.0991252900028674e-06	1.7248563716492897e-07	1.4695895556961744e-07	8.805051964721228e-05	-1.5527205419078525e-06
5.454608714279148	0.07875819010404585	0.03679963373738266	0.8843357455934187	3.861845111351974e-06	2.084481556079205e-07	1.7236569254388067e-07	0.00010218790618386346	-1.5319130908056185e-06
5.555619986765799	0.07346266554561563	0.03872645644092117	0.8876872102182074	4.80232090901167e-06	2.515617097997075e-07	2.019764532316031e-07	0.00011841193617243237	-1.5120063744894374e-06
5.65663125925245	0.06843574132745518	0.040701162720560846	0.8907195980270346	5.959476527639619e-06	3.0317429799466857e-07	2.3645352654666515e-07	0.000136998820583162	-1.4929833521807167e-06
5.7576425317391005	0.06367143067557851	0.04272092668066247	0.893441364984445	7.3801579804982745e-06	3.6487288035745333e-07	2.7655785028310167e-07	0.00015825607058458276	-1.4748249830009459e-06
5.858653804225751	0.05916318957021277	0.044782600139365046	0.895861802789229	9.120608467322486e-06	4.3852277247791995e-07	3.2316277363204544e-07	0.00018252520715595686	-1.457510465234102e-06
5.959665076712402	0.05490398774666682	0.046882713417944435	0.8979909624908352	1.1248188244286786e-05	5.26312977823367e-07	3.772695935791762e-07	0.0002101845737064889	-1.4410174668267316e-06
6.060676349199053	0.05088637770497664	0.0490174783090288	0.8998395775459814	1.3843373878588146e-05	6.308082555877862e-07	4.400250719159913e-07	0.00024165223276542537	-1.4253223454336089e-06
6.161687621685704	0.04710256136005701	0.051182793305051995	0.9014189865868014	1.7002075096172466e-05	7.550088104373957e-07	5.127411605567363e-07	0.00027738892296694446	-1.4104003564737067e-06
6.262698894172355	0.04354445401066254	0.053374251151151936	0.9027410561438521	2.0838311269871013e-05	9.024185881370451e-07	5.969171855060358e-07	0.0003179010472161839	-1.3962258478201067e-06
6.363710166659006	0.04020374535184695	0.05558714876806096	0.9038181035413092	2.5487293555406656e-05	1.0771232661445167e-06	6.942647642490332e-07	0.0003637436570989759	-1.3827724399067759e-06
6.464721439145657	0.037071957301309785	0.057816499570540296	0.9046628201580929	3.1108962710717156e-05	1.2838791410691566e-06	8.067357576110478e-07	0.00041552339231730966	-1.3700131901931546e-06
6.565732711632307	0.03414049845457391	0.06005704818576386	0.9052881952277789	3.789203666224185e-05	1.528214235399774e-06	9.365535853253117e-07	0.0004739013272270545	-1.3579207410828433e-06
6.666743984118958	0.031400715026948314	0.062303287553957205	0.9057074403322116	4.6058625827262556e-05	1.8165430739886257e-06	1.0862482647160785e-06	0.0005395956694870959	-1.346467450544178e-06
6.767755256605609	0.02884393818133425	0.06454947837077053	0.9059339147288731	5.586947796431249e-05	2.1562967161694116e-06	1.2586955641000148e-06	0.0006133842484732685	-1.3356255048271113e-06
6.868766529092261	0.026461527679826315	0.06678967080755285	0.905981051640399	6.762991778625703e-05	2.5560697716623464e-06	1.4571606967700583e-06	0.0006961067235645228	-1.325367012811858e-06
6.969777801578911	0.024244911833489848	0.06901772842215564	0.9058622856261382	8.169654959602642e-05	3.0257862769685408e-06	1.685347017776142e-06	0.0007886664347938444	-1.3156640816596877e-06
7.070789074065562	0.022185623758452403	0.07122735414940158	0.9055909811503025	9.84847936364434e-05	3.5768864629587517e-06	1.9474502241629516e-06	0.000892031810818797	-1.3064888735647693e-06
7.171800346552213	0.02027533397738085	0.07341211823718626	0.9051803624589256	0.00011847732850622996	4.222536602760929e-06	2.2482185998523614e-06	0.0010072372418750023	-1.297813643528115e-06
7.272811619038864	0.018505879433411594	0.07556548797162901	0.9046434448783417	0.00014223351268718396	4.9778642905276465e-06	2.5930198889315056e-06	0.0011353833185366144	-1.2896107581905508e-06
7.373822891525514	0.016869289008601622	0.0776808590130372	0.9039929676510068	0.0001703998577363329	5.86022166460655e-06	2.9879154256628865e-06	0.0012776363309329754	-1.2818526958718006e-06
7.474834164012165	0.01535780566094624	0.07975158814398786	0.9032413284299107	0.00020372162378725034	6.889479251117254e-06	3.4397421959785333e-06	0.0014352269178294372	-1.2745120280677415e-06
7.575845436498817	0.013963905312985596	0.08177102721183807	0.9024005195602623	0.0002430556044264513	8.088353263683891e-06	3.956203553430412e-06	0.0016094477509317638	-1.2675613827586557e-06
7.676856708985468	0.012680312641046099	0.08373255803072233	0.9014820662862058	0.0002893841625007066	9.482769349443417e-06	4.545969362380317e-06	0.0018016501372322905	-1.260973389978742e-06
7.777867981472118	0.011500013927319324	0.08562962799283529	0.9004969670306706	0.00034383057069717706	1.1102265917412726e-05	5.2187863924214214e-06	0.002013239421491896	-1.2547206101926028e-06
7.878879253958769	0.010416267147380805	0.08745578612576513	0.8994556359076693	0.0004076757005445112	1.2980440319410274e-05	5.985599840381154e-06	0.0022456690723840276	-1.2487754461190652e-06
7.97989052644542	0.00942260947352805	0.08920471932205264	0.8983678476380076	0.00048237609053553265	1.5155441272118228e-05	6.8586869094631965e-06	0.0025004333397570314	-1.243110038737988e-06
8.080901798932072	0.0085128623796262	0.09087028845918368	0.8972426850510791	0.0005695834081064767	1.767051100723127e-05	7.85180342879409e-06	0.002779058377248797	-1.2376961483131079e-06
8.181913071418721	0.007681134536161029	0.09244656412303899	0.8960884893667136	0.0006711653009770829	2.0574580710214917e-05	8.980344550439397e-06	0.003083091734450928	-1.2325050213648687e-06
8.282924343905373	0.0069218226850934665	0.09392786164554448	0.8949128134615907	0.0007892276106405639	2.3922922851796526e-05	1.0261520614374423e-05	0.0034140901362959626	-1.2275072446330603e-06
8.383935616392023	0.006229610683080525	0.09530877516797238	0.8937223783340699	0.0009261378944106974	2.7777864024308164e-05	1.1714549324401542e-05	0.0037736054846333636	-1.22267258718119e-06
8.484946888878675	0.00559946689886681	0.096584210445096	0.8925230329891036	0.0010845501722521877	3.220956186136043e-05	1.3360865428996608e-05	0.004163169038325748	-1.217969831914067e-06
8.585958161365324	0.005026640146360791	0.09774941611219638	0.891319717970814	0.0012674307805683612	3.7296849537623046e-05	1.5224349149862864e-05	0.004584273753854598	-1.2133665979079915e-06
8.686969433851976	0.004506654329283648	0.09880001314674329	0.8901164327740398	0.0014780851771999946	4.3128151208971394e-05	1.7331574646824232e-05	0.005038354798516702	-1.20882915508993e-06
8.787980706338628	0.004035301966513176	0.09973202226934139	0.8889162073674103	0.0017201855001899012	4.980247155487389e-05	1.9712079849767556e-05	0.00552676828289336	-1.2043222329485122e-06
8.888991978825278	0.0036086367595265147	0.10054188904415028	0.8877210780590369	0.0019977986375798837	5.74304623173957e-05	2.2398659025741427e-05	0.006050768298356809	-1.19980882511549e-06
8.99000325131193	0.0032229653548558933	0.10122650645729502	0.8865320679315509	0.0023154145169317357	6.613556838717227e-05	2.542767948104408e-05	0.006611482388812621	-1.195249991821131e-06
9.091014523798579	0.0028748384453818722	0.10178323477260517	0.8853491720657839	0.0026779742718288026	7.605525555874379e-05	2.8839423823113763e-05	0.007209885633413571	-1.19060466239976e-06
9.19202579628523	0.002561041344759663	0.10220991848713275	0.8841713477617894	0.003090897888880545	8.73423215584042e-05	3.2678459224123885e-05	0.007846773568227532	-1.185829440200924e-06
9.29303706877188	0.002278584159456694	0.1025049002340509	0.8829965099520807	0.003560110883422893	0.00010016629133004526	3.69940351361398e-05	0.008522734229277271	-1.1808784124452793e-06
9.394048341258532	0.002024691672909196	0.10266703150744842	0.8818215319848736	0.00409206949603602	0.00011471489684165354	4.18405109052201e-05	0.009238119656301969	-1.175702967749585e-06
9.495059613745184	0.0017967930463085775	0.10269568011190233	0.8806422519348239	0.004693783846191839	0.00013119564084085138	4.727781471754321e-05	0.009993017255179364	-1.1702516242288275e-06
9.596070886231834	0.0015925114306141709	0.10259073426921025	0.879453484575293	0.0053728384249536855	0.0001498374430366936	5.337193528307131e-05	0.010787221476188184	-1.164469871261471e-06
9.697082158718485	0.0014096535746574278	0.10235260334494982	0.8782490391196777	0.0061374092569812504	0.00017089236611217128	6.0195447619914634e-05	0.011620206324011857	-1.1583000281715802e-06
9.798093431205135	0.0012461995047378257	0.10198221518825673	0.8770217428099607	0.006996277014585234	0.0001946374177740547	6.782807424385092e-05	0.012491099272273036	-1.151681123233889e-06
9.899104703691787	0.0011002923419855637	0.10148101010901306	0.8757634703985635	0.007958835324790785	0.0002213764237216594	7.635728299080637e-05	0.013398657208970306	-1.1445487965390683e-06
10.000115976178437	0.0009702283150410986	0.10085093154715467	0.8744651795350512	0.009035093475969723	0.0002514419649631911	8.587892260384015e-05	0.014341245087879982	-1.1368352303603295e-06
10.101127248665088	0.0008544470173245578	0.10009441351868645	0.87311695203249	0.010235672705333834	0.00028519737132876326	9.649789709867666e-05	0.01531681800308172	-1.1284691107324892e-06
10.20213852115174	0.000751521950377671	0.09921436495188711	0.871708040949632	0.011571795234229222	0.00032303876132610155	0.00010832887978140242	0.016322907437500624	-1.119375623984005e-06
10.30314979363839	0.0006601513874836537	0.09821415105476029	0.8702269233848592	0.01305526521653627	0.00036539711666393865	0.00012149706762697966	0.017356612459907397	-1.1094764919442993e-06
10.404161066125042	0.0005791495850252555	0.09709757188073172	0.8686613588363556	0.01469844077832113	0.0004127403778369685	0.0001361389765360944	0.01841459665636264	-1.0986900494761384e-06
10.505172338611692	0.0005074383628371238	0.09586883828361195	0.8669984529406403	0.016514196355888636	0.00046557554513572684	0.0001524032777690193	0.019493091579856472	-1.0869313678493495e-06
10.606183611098343	0.00044403906914782925	0.09453254547467489	0.865224726358765	0.018515874586105412	0.0005244507673283668	0.00017045167560717108	0.020587907484189427	-1.0741124272715565e-06
10.707194883584993	0.00038806494058471713	0.09309364441411498	0.8633261885365732	0.020717227068656533	0.0005899573980755432	0.0001904598260144983	0.02169445207342109	-1.060142341618476e-06
10.808206156071645	0.00033871386312029624	0.0915574112859353	0.8612884160228234	0.023132343405897524	0.0006627319979043674	0.0002126182957605662	0.02280775794514728	-1.044927638055978e-06
10.909217428558296	0.00029526153575684585	0.08992941531932604	0.8590966349871493	0.025775568032977137	0.0007434582573055257	0.0002371335611241082	0.023922519333360266	-1.0283725938152099e-06
11.010228701044946	0.0002570550351562075	0.08821548523068953	0.8567358075391388	0.02866140447940487	0.0008328688142557233	0.00026422904491908326	0.02503313866394819	-1.0103796318682988e-06
11.111239973531598	0.00022350677630137445	0.0864216745685678	0.8541907214107402	0.03180440685325899	0.0009317469372351867	0.00029414619017424756	0.026133783322601686	-9.908497766551112e-07
11.212251246018248	0.0001940888615994436	0.08455422624878814	0.85144608252712	0.035219058510364505	0.0010409280426399916	0.00032714556835156583	0.02721845290105623	-9.69683170332244e-07
11.3132625185049	0.00016832780857394092	0.08261953656914886	0.8484866099564496	0.03891963806208889	0.001161301013417873	0.0003635080195084168	0.02828105703371989	-9.467796492570749e-07
11.41427379099155	0.00014579964441926372	0.08062411899196203	0.8452971326972682	0.04292007308542812	0.001293809283822502	0.00040353582129368975	0.02931550376384291	-9.220393795874876e-07
11.515285063478201	0.00012612535417082387	0.07857456797881575	0.8418626877334654	0.04723378212575516	0.0014394516534274235	0.0004475538831192672	0.0303157981880455	-8.95363549979153e-07
11.616296335964853	0.00010896666805117544	0.07647752315512886	0.8381686187619048	0.051873505823331244	0.001599282792010306	0.0004959109612669555	0.03127615092237655	-8.666551184067158e-07
11.717307608451502	9.402217265459681e-05	0.07433963407258362	0.8342006749766265	0.056851128246238114	0.0017744133956576961	0.0005489808900782821	0.0321910957148288	-8.358196091347447e-07
11.818318880938154	8.102373000057513e-05	0.07216752582551168	0.8299451092767444	0.06217748977097293	0.0019660099534967203	0.0006071638237325693	0.03305561530165544	-8.027659548330422e-07
11.919330153424804	6.973318809147991e-05	0.06996776576297696	0.8253887752528946	0.06786219311323331	0.002175294083882003	0.0006708874824498041	0.03386527437174622	-7.674073777851004e-07
12.020341425911456	5.993936642351259e-05	0.06774683152186887	0.8205192222996429	0.07391340437059078	0.002403541398701571	0.0007406083962621198	0.03461635826901034	-7.296623030962559e-07
12.121352698398105	5.1455299896321326e-05	0.06551108058804209	0.8153247881988704	0.08033765119053943	0.0026520798547621373	0.0008168131387845698	0.03530601583196101	-6.89455295789401e-07
12.222363970884757	4.411572472034171e-05	0.06326672157267234	0.809794688521974	0.08713962041624389	0.002922287552018896	0.0009000195426866148	0.03593240454759699	-6.467180127019707e-07
12.323375243371409	3.7774790208554794e-05	0.06101978736982419	0.8039191022069463	0.09432195778233203	0.003215589939770639	0.000990777887824904	0.03649483598863707	-6.013901591908008e-07
12.424386515858059	3.230398073911256e-05	0.05877611033902332	0.7976892526800603	0.10188507242834706	0.0035334563938893364	0.001089672052251014	0.03699391931473679	-5.534204398338084e-07
12.52539778834471	2.7590232667157373e-05	0.05654129963368806	0.7910974839110779	0.10982694916200579	0.003877396130729628	0.0011973206155605311	0.03743170045510661	-5.027674916122965e-07
12.62640906083136	2.3534231529818523e-05	0.05432072077288695	0.7841373308156065	0.118142971532399	0.004248953426599317	0.001314377903309045	0.03781179445747709	-4.49400787487228e-07
12.727420333318012	2.0048875511248425e-05	0.05211947753033475	0.7768035834483596	0.1268257588591976	0.004649702115591724	0.0014415349604931574	0.03813950839190284	-3.9330149786826355e-07
12.828431605804662	1.7057891799801276e-05	0.04994239619109974	0.7690923444665612	0.13586502040269918	0.005081239343200949	0.0015795204413884111	0.038421952142358294	-3.344632972354348e-07
12.929442878291313	1.4494593163834957e-05	0.047794012203427	0.7610010793833527	0.14524742984672093	0.00554517855847173	0.0017291014023593976	0.038668134408852556	-2.728931031271811e-07
13.030454150777965	1.230076278450802e-05	0.045678559230645704	0.7525286591766086	0.15495652319817874	0.0060431417334744246	0.0018910839836189782	0.03888904128154139	-2.0861173486982293e-07
13.131465423264615	1.0425656103213027e-05	0.04359996058654376	0.7436753948687401	0.16497262308090316	0.006576750805633527	0.0020663139653229468	0.03909769483895484	-1.4165447980328838e-07
13.232476695751267	8.825109159221812e-06	0.041561823017083145	0.7344430637475255	0.17527279221504094	0.0071476183458515485	0.002255677182853359	0.03930918936688985	-7.207155536344703e-08
13.333487968237916	7.460743602310507e-06	0.03956743277207656	0.7248349269563282	0.1858308186266697	0.0077573374634259725	0.002460099785678203	0.039540702993609095	7.154378451016375e-11
13.434499240724568	6.299259259396758e-06	0.03761975389261551	0.7148557382438218	0.19661723482564625	0.00840747096740984	0.0026805483237877176	0.039811482790443956	7.469382330637167e-08
13.535510513211218	5.3118058084793135e-06	0.03572142862377842	0.7045117437279989	0.20759937282514826	0.009099539813255942	0.0029180296454087537	0.04014280169318829	1.5169869991677992e-07
13.63652178569787	4.473425763351968e-06	0.03387477984755798	0.6938106725962542	0.2187414564571965	0.009835010873241137	0.003173590589499638	0.040557885955975224	2.3097405222978619e-07
13.737533058184521	3.7625615955082485e-06	0.03208181541812753	0.6827617187321307	0.23000473196929394	0.010615284079203995	0.0034483174564387733	0.04108181225157439	3.123924170372913e-07
13.838544330671171	3.160620413004009e-06	0.030344234270567542	0.6713755133292127	0.24134763737426126	0.011441678996451283	0.0037433352403525755	0.04174137397484692	3.9581133446202616e-07
13.939555603157823	2.651590178162519e-06	0.028663434165038134	0.6596640886230591	0.25272601047563953	0.012315420898184513	0.0040598066066919155	0.042564916782890795	4.810738434410487e-07
14.040566875644473	2.22170197587143e-06	0.027040520921114895	0.6476408329422434	0.264093334913184	0.013237626420348191	0.004398930598971418	0.04358214390848541	5.680091268945807e-07
14.141578148131124	1.8591333413525625e-06	0.0254763189915908	0.6353204373488449	0.2754010229765289	0.014209288887274392	0.004761941059042889	0.04482389230409645	6.564333037585759e-07
14.242589420617774	1.5537481206647727e-06	0.023971383221450406	0.6227188342064272	0.2865987333304474	0.015231263408751824	0.0051501047458907614	0.04632188120239267	7.461503628460767e-07
14.343600693104426	1.2968687691903007e-06	0.022526011635881103	0.6098531280788896	0.297634721193424	0.016304251859035886	0.005564719138723492	0.04810843520572503	8.369532312935684e-07
14.444611965591077	1.0810773936434966e-06	0.021140259101028177	0.5967415194259789	0.30845621792400646	0.01742878785768114	0.00600710991109577	0.050216184530695214	9.286249681865164e-07
14.545623238077727	9.000422126705893e-07	0.019813951702625437	0.5834032216199598	0.31900983640845065	0.01860522188076369	0.006478628063940601	0.05267774552390282	1.0209400718868605e-06
14.646634510564379	7.483664510308669e-07	0.018546701690537848	0.56985837186237	0.3292419981201962	0.019833706638905085	0.006980646706720486	0.05552538502040207	1.1136658876473488e-06
14.747645783051029	6.214569939693523e-07	0.017337922841512615	0.5561279366293146	0.3390993772481545	0.02111418286535164	0.0075145574774284594	0.05879067252677225	1.2065641003351375e-06
14.84865705553768	5.154104131289898e-07	0.01618684609791978	0.5422336123178347	0.34852935687744996	0.022446365663048067	0.0080817665938836	0.06250412456606132	1.2993922955396005e-06
14.94966832802433	4.269142347051059e-07	0.015092535346837377	0.5281977218040212	0.35748049186305697	0.023829731564016483	0.00868369053067225	0.06669484581303652	1.391905571042691e-06
15.050679600510982	3.531615560580516e-07	0.014053903211351908	0.514043107655285	0.36590297277253847	0.025263506457272582	0.00932175131818467	0.07139017186711502	1.483858179616422e-06
15.151690872997634	2.917773302329062e-07	0.01306972673426096	0.4997930227642184	0.373749085096226	0.026746654542843012	0.009997371462482174	0.0766153186502531	1.5750051834073153e-06
15.252702145484283	2.4075483034231495e-07	0.01213866284333105	0.485471019189429	0.3809736578375473	0.02827786846907866	0.010711968487198565	0.08239304347269277	1.6651040997927486e-06
15.353713417970935	1.9840097908147698e-07	0.011259263496737651	0.4711008359994642	0.3875344956068635	0.029855560808281136	0.011466949101321877	0.08874332277717528	1.753916518562494e-06
15.454724690457585	1.6328938425396014e-07	0.01042999041715407	0.4567062869192804	0.3933927884512986	0.03147785702159612	0.01226370299950916	0.09568305145025233	1.8412096705972135e-06
15.555735962944237	1.3422006053292322e-07	0.009649229333023309	0.44231114857464227	0.3985134938607988	0.033142590058115956	0.013103596304546643	0.10322576837774648	1.926757928883334e-06
15.656747235430887	1.1018494214273349e-07	0.008915303655715816	0.42793905011841327	0.402865685695134	0.034847296725136305	0.013987964664662657	0.11138141262227039	2.010344223711861e-06
15.757758507917538	9.033840203068644e-08	0.008226487531420709	0.41361336500401674	0.4064228651738378	0.03658921595652245	0.014918106021618123	0.1201561142179897	2.091761355241599e-06
15.85876978040419	7.397209164479878e-08	0.007581018216629685	0.3993571056456898	0.4091632295552018	0.038365289094171466	0.015895273068815337	0.12955202311733982	2.170813188241065e-06
15.95978105289084	6.0493502802546e-08	0.006977107735845469	0.3851928216727591	0.4110698946935831	0.040172162283658594	0.01692066542206225	0.13956717929383913	2.247315715728298e-06
16.06079232537749	4.9407730411103737e-08	0.0064129537895911935	0.3711425024464776	0.4121310682968557	0.042006191069401844	0.017995421529079708	0.15019542641370584	2.321097980366901e-06
16.161803597864143	4.0301982988916485e-08	0.005886749889830642	0.3572274844634077	0.4123401713967152	0.04386344725717451	0.01912061034731819	0.1614263708473895	2.392002844808305e-06
16.26281487035079	3.283244797197403e-08	0.0053966947084630726	0.34346836421943894	0.4116959062813096	0.045739728092680634	0.0202972228231307	0.17324538711226498	2.459887604647944e-06
16.363826142837443	2.6713171522513715e-08	0.004941000632572535	0.3298849170539075	0.41020226990883607	0.047630567784342256	0.02152616320879802	0.18563367013240561	2.524624440236885e-06
16.464837415324094	2.1706658777752806e-08	0.00451790152754331	0.3164960224345547	0.40786851260813073	0.04953125137662739	0.02280824025729089	0.19856833398404972	2.586100706208469e-06
16.565848687810746	1.7615940898017685e-08	0.004125659715963457	0.3033195960819081	0.4047090426632695	0.051436830957395284	0.0241441583379486	0.21202255607989207	2.6442190601887805e-06
16.666859960297398	1.4277890548532493e-08	0.0037625721864049627	0.2903725292668355	0.4007432781590977	0.05334214415908761	0.02553450851941792	0.22596576504547883	2.698897434707174e-06
16.767871232784046	1.155759816712311e-08	0.0034269760516738718	0.27767063554822685	0.3959954482189785	0.05524183488942429	0.02697975966919801	0.24036386987028313	2.750068858757793e-06
16.868882505270697	9.343648063801415e-09	0.0031172532809633706	0.26522860514976043	0.39049434648102943	0.05713037620285133	0.028480249621938503	0.2551795272873876	2.7976811377363685e-06
16.96989377775735	7.544156546810033e-09	0.002831834734520065	0.2530599671062969	0.3842730403217318	0.05900209519963006	0.030036176471203317	0.2703724437610459	2.8416964025439664e-06
17.070905050244	6.0834543029708744e-09	0.0025692035329589074	0.24117705924231092	0.3773685399342441	0.060851199815471914	0.031647590041708605	0.28589970795158487	2.882090540471501e-06
17.17191632273065	4.899312562309748e-09	0.0023278977962551874	0.22959100597772547	0.3698214318926771	0.06267180734131284	0.03331438360102913	0.3017161490914217	2.9188525220216193e-06
17.2729275952173	3.9406274903574504e-09	0.0021065127897257822	0.21831170389119275	0.3616754822742717	0.06445797449051655	0.03503628587141594	0.31777471635220916	2.9519836390613746e-06
17.373938867703952	3.1654900806008064e-09	0.0019037025160174846	0.20734781490799156	0.3529772147619821	0.06620372880979937	0.036812853403639115	0.3340268740171413	2.9814966706097576e-06
17.474950140190604	2.5395798339628295e-09	0.001718180793280759	0.19670676691986824	0.34377546940545667	0.06790310121079787	0.03864346337563916	0.35042300709834306	3.007414993136637e-06
17.575961412677255	2.0348299502676637e-09	0.0015487218603620297	0.1863947615879518	0.3341209478759665	0.06955015938173581	0.040527306879202106	0.3669128319589794	3.0297716524794116e-06
17.676972685163904	1.6283198284402183e-09	0.0013941605500356448	0.17641678902778923	0.32406575110956404	0.0711390418233747	0.042463382757847314	0.38344580651339477	3.0486084143740478e-06
17.777983957650555	1.3013575623374964e-09	0.0012533920710614992	0.16677664902806041	0.3136629151939019	0.07266399224059734	0.044450492058606905	0.39997153468424385	3.063974810159124e-06
17.878995230137207	1.0387209894843716e-09	0.0011253714392391266	0.15747697841200603	0.3029659512208351	0.07411939401080463	0.04648723315935865	0.4164401599894501	3.0759271934629568e-06
17.98000650262386	8.280308421514684e-10	0.0010091125966777742	0.148519284113328	0.29202839460416047	0.0754998044429975	0.04857199763184343	0.4328027434084097	3.0845278226495275e-06
18.08101777511051	6.592337876606965e-10	0.0009036872572589502	0.1399039815065676	0.2809033690563211	0.07679998853712358	0.05070296689842927	0.4490116210289656	3.089843982509261e-06
18.182029047597158	5.24176735000561e-10	0.0008082235147756463	0.13163043750584613	0.26964317003773886	0.07801495195211496	0.05287810973808014	0.4650207373958857	3.091947157170885e-06
18.28304032008381	4.1625682107705297e-10	0.0007219042485331005	0.12369701792547001	0.2582988720470794	0.07913997289310974	0.0550951806938414	0.4807859509581848	3.0909122645204195e-06
18.38405159257046	3.3013405302449386e-10	0.000643965359329569	0.11610113858126603	0.24691996362059576	0.0801706326336674	0.0573517194304656	0.49626530853610706	3.08681696058461e-06
18.485062865057113	2.614957427812756e-10	0.0005736938667399484	0.10883931960252394	0.23555401336488765	0.08110284439735523	0.0596450510865873	0.5114192862877667	3.079741020413418e-06
18.58607413754376	2.068636868015369e-10	0.0005104258965362107	0.10190724242100374	0.22424636977157905	0.08193288033483984	0.06197228766111659	0.5262109952387377	3.069765800024054e-06
18.687085410030413	1.6343656911346313e-10	0.00045354458492912424	0.09529980890536098	0.21303989696631828	0.08265739634747085	0.06433033046828643	0.5406063500337296	3.056973781992015e-06
18.788096682517065	1.289613444006444e-10	0.0004024779241361423	0.08901120211633903	0.2019747479398826	0.08327345452614744	0.06671587369007399	0.5545742001663474	3.041448205335758e-06
18.889107955003716	1.0162842744656172e-10	0.0003566965715978168	0.08303494816984525	0.19108817620733837	0.08377854299482883	0.06912540904856089	0.5680864235298617	3.0232727784813363e-06
18.990119227490368	7.998640868165352e-11	0.00031571164300419306	0.07736397871122459	0.18041438625301398	0.08417059297116117	0.07155523161422268	0.5811179826984326	3.0025314723491752e-06
19.091130499977016	6.287276045622057e-11	0.00027907250717464224	0.0719906935242786	0.16998442255441304	0.08444799288207974	0.07400144675919935	0.5936469448849027	2.979308389009814e-06
19.192141772463668	4.9357618646060673e-11	0.00024636459877817185	0.06690702282240943	0.15982609644619536	0.08460959939961477	0.07645997825732968	0.6056544670195243	2.9536876999378655e-06
19.29315304495032	3.869823933708431e-11	0.0002172072629020291	0.062104488796286855	0.14996394959386897	0.08465474529114994	0.07892657752518852	0.617124747846513	2.9257536466765085e-06
19.39416431743697	3.030215762825651e-11	0.0001912516435873449	0.057574266022125176	0.14041925240249692	0.08458324400870713	0.08139683399060316	0.6280449493360708	2.895590595726287e-06
19.495175589923623	2.369742941647917e-11	0.00016817862666211757	0.05330724036659997	0.131210035293926	0.08439539097308585	0.08386618656719542	0.6384050900537168	2.8632831387038926e-06
19.59618686241027	1.850862951861543e-11	0.00014769684552183305	0.04929406605810551	0.12235115045071168	0.08409196154048736	0.08632993620546872	0.6481979134131173	2.8289162282849835e-06
19.697198134896922	1.4437520868964175e-11	0.00012954075694223793	0.04552522062901184	0.11385436134869621	0.08367420567120899	0.08878325948289542	0.6574187339610764	2.792575340150482e-06
19.798209407383574	1.1247508401473192e-11	0.00011346879256082809	0.04199105746935596	0.10572845718435807	0.08314383935170548	0.09122122318742652	0.6660652650033172	2.7543466510933955e-06
19.899220679870226	8.751154798472625e-12	9.9261590335197e-05	0.03868185576853828	0.09797938914755194	0.08250303285239267	0.09363879984091593	0.6741374309777575	2.71431722360292e-06
20.000231952356874	6.800169603414908e-12	8.672030907767994e-05	0.035587867657691966	0.09061042539392163	0.0817543959336309	0.09603088410119046	0.6816371680199625	2.6725751876101796e-06
20.101243224843525	5.277393304363975e-12	7.566502807525439e-05	0.032699362401028616	0.08362232153173242	0.08090096014100155	0.09839230997398006	0.6885682161462032	2.629209910636714e-06
20.202254497330177	4.090388111543471e-12	6.593323282884394e-05	0.03000666751929009	0.07701350345188716	0.07994615835794092	0.10071786875871729	0.6949359064068601	2.5843121483113015e-06
20.30326576981683	3.1663207851523066e-12	5.737838708322062e-05	0.027500206762104473	0.07078025939330868	0.07889380180869053	0.10300232764539596	0.7007469462413755	2.5379741680880664e-06
20.40427704230348	2.447882935642668e-12	4.986859056306455e-05	0.025170534878271346	0.06491693824392833	0.07774805472708385	0.10524044887330382	0.7060092061007883	2.4902898399831725e-06
20.50528831479013	1.8900431376300694e-12	4.32853211770025e-05	0.02300836916351243	0.059416151224861255	0.07651340692665141	0.10742700935659197	0.7107315102007814	2.4413546892207807e-06
20.60629958727678	1.457464974587056e-12	3.7522259893759526e-05	0.02100461779380675	0.054268974286298594	0.07519464452467789	0.1095568206763643	0.7149234340331673	2.3912659068135545e-06
20.70731085976343	1.1224574210038317e-12	3.248419602659932e-05	0.019150404978901543	0.04946514875229661	0.07379681908700998	0.11162474933432831	0.7185951110029949	2.340122315270887e-06
20.808322132250083	8.633501386225021e-13	2.808601027740936e-05	0.017437092994801482	0.04499327798199412	0.07232521547145557	0.11362573715909828	0.7217570502782232	2.2880242878020445e-06
20.909333404736735	6.632074394236109e-13	2.4251732583407045e-05	0.01585630117589192	0.04084101806095894	0.07078531865545057	0.11555482175302448	0.7244199676452466	2.235073620536167e-06
21.010344677223383	5.088117757973232e-13	2.0913671570717857e-05	0.014399921966778235	0.03699526079259299	0.06918277983825283	0.11740715686498868	0.7265946308623674	2.1813733583925148e-06
21.111355949710035	3.898614173277643e-13	1.801161224331136e-05	0.013060134150882063	0.033442307520406285	0.0675233821092539	0.11917803257298608	0.7282917207001258	2.127027576281301e-06
21.212367222196686	2.983380861036328e-13	1.5492078416405547e-05	0.011829413387341023	0.03016803257245414	0.06581300597213138	0.12086289515953647	0.7295217085573342	2.0721411182791057e-06
21.313378494683338	2.280092572955595e-13	1.3307656334100272e-05	0.010700540199828348	0.027158035374733745	0.06405759500957574	0.12245736656305953	0.730294751249343	2.0168192982873426e-06
21.414389767169986	1.7403700430805086e-13	1.141637588558255e-05	0.009666605570611823	0.024397780526812476	0.06226312196535759	0.12395726328931521	0.7306206032845991	1.9611675664350694e-06
21.515401039656638	1.3267101663236738e-13	9.781145846967785e-06	0.008721014300585824	0.021872725366894077	0.06043555550970974	0.12535861466886344	0.7305085466804242	1.9052911461188413e-06
21.61641231214329	1.0100801897442977e-13	8.369239621255896e-06	0.007857486301245428	0.01956843477201605	0.0585808279405943	0.12665768034923153	0.7299673381220861	1.849294647076237e-06
21.71742358462994	7.680349594032927e-14	7.151828021907866e-06	0.007070055987745434	0.017470683139770064	0.05670480405763081	0.1278509669140825	0.729005173042973	1.7932816602627054e-06
21.818434857116593	5.832455882853433e-14	6.103555741492475e-06	0.006353069943447433	0.015565543679109685	0.054813251427544875	0.12893524352613278	0.7276296659997488	1.7373543405435322e-06
21.91944612960324	4.423512662708911e-14	5.202158261406416e-06	0.005701183025847531	0.013839465298255436	0.05291181224022894	0.12990755649584848	0.7258478465359687	1.681612983326351e-06
22.020457402089892	3.350645068949637e-14	4.428116087919082e-06	0.005109353081661627	0.01227933751677111	0.05100597693318854	0.13076524268401496	0.7236661695714164	1.6261556012499223e-06
22.121468674576544	2.5347487376711575e-14	3.7643433402134724e-06	0.004572834435288123	0.010872543946391651	0.04910105973958809	0.1315059416530898	0.7210905392225885	1.5710775069192482e-06
22.222479947063196	1.91507921913954e-14	3.1959078645339835e-06	0.004087170310038286	0.009607004981392445	0.04720217629161885	0.1321276064897533	0.7181263448520614	1.5164709074444992e-06
22.323491219549847	1.445053447967969e-14	2.7097802022318937e-06	0.003648184335592695	0.0084712104148613	0.0453142233868155	0.13262851322921623	0.7147785080602973	1.4624245162128862e-06
22.424502492036495	1.088996329803057e-14	2.2946088959804633e-06	0.0032519712882778233	0.007454242753139737	0.04344186100055077	0.1330072688205582	0.7110515392718948	1.4090231869101693e-06
22.525513764523147	8.196232326378313e-15	1.9405197756091837e-06	0.0028948872031177575	0.006545792038198693	0.04158949660355494	0.13326281758159092	0.7069496025281163	1.356347574325153e-06
22.6265250370098	6.1609465771871586e-15	1.6389370210799337e-06	0.0025735389883685587	0.005736163008270086	0.03976127181923135	0.13339444610138643	0.7024765870774027	1.3044738259296898e-06
22.72753630949645	4.625151515034657e-15	1.382423953580865e-06	0.002284773664529328	0.005016275432294094	0.03796105143204771	0.13340178655860593	0.6976361843539245	1.2534733076419019e-06
22.8285475819831	3.4677663204083856e-15	1.1645416552947247e-06	0.002025667340790636	0.0043776584453971215	0.03619241473564431	0.13328481843402815	0.6924319689494013	1.2034123665654448e-06
22.92955885446975	2.5966835276992647e-15	9.79723663089933e-07	0.0017935140326603234	0.0038124396924689914	0.034458649187744037	0.13304386860611714	0.6868674822137433	1.1543521328655545e-06
23.030570126956402	1.941929951749982e-15	8.231651203858264e-07	0.0015858144152124543	0.003313330056761387	0.03276274631869766	0.13267960982900726	0.6809463171638214	1.1063483623062414e-06
23.131581399443053	1.4504188525892908e-15	6.907249041492633e-07	0.0014002645971578687	0.0028736047120483483	0.031107399821729963	0.1321930576028236	0.6746722034351612	1.0594513203438374e-06
23.232592671929705	1.081928723057014e-15	5.788393699508943e-07	0.0012347449918205375	0.002487081191983144	0.029495005735836095	0.13158556545671438	0.6680490910769377	1.013705708061226e-06
23.333603944416353	8.060262833152196e-16	4.844464769567774e-07	0.0010873093522179615	0.0021480951204665426	0.027927664616932944	0.13085881867526053	0.6610812320647509	9.691506296438894e-07
23.434615216903005	5.997152540724152e-16	4.0491916649585896e-07	0.0009561740288547735	0.0018514741936128333	0.026407185579402494	0.1300148265089581	0.6537732584868023	9.258196005519435e-07
23.535626489389657	4.456422167502496e-16	3.380069723782659e-07	0.0008397075006112734	0.0015925109486324266	0.024935092078640995	0.1290559129191627	0.6461302564458813	8.837405950386718e-07
23.636637761876308	3.307294699728024e-16	2.817849384885992e-07	0.0007364202212935621	0.0013669347988717081	0.023512629295685657	0.1279847059171572	0.6381578348107295	8.42936131211389e-07
23.73764903436296	2.4513470588120264e-16	2.3460900946714845e-07	0.0006449548170503543	0.0011708837584422545	0.022140772977446207	0.12680412556578405	0.6298621880447144	8.034233914293227e-07
23.838660306849608	1.8146047725033312e-16	1.9507714370713887e-07	0.0005640766629836313	0.0010008762252585524	0.02082023958050039	0.12551737072029737	0.6212501524362466	7.652143754885349e-07
23.93967157933626	1.34154311158616e-16	1.6199547467695703e-07	0.0004926648609076557	0.0008537831386632026	0.019551497562780903	0.1241279045926751	0.6123292551530521	7.283160837576407e-07
24.04068285182291	9.905412298853331e-17	1.3434891700054673e-07	0.0004297036343557409	0.0007268007777812744	0.018334779665722147	0.1226394392305287	0.6031077556404186	6.927307272008475e-07
24.141694124309563	7.304421385041771e-17	1.1127567810425985e-07	0.0003742741516015114	0.0006174244198018066	0.017170096029457523	0.12105591900790587	0.5935946789810659	6.584559610560684e-07
24.24270539679621	5.3795310683923596e-17	9.204519489212695e-08	0.00032554678264936417	0.0005234230338970799	0.016057247985362347	0.11938150323065665	0.5837998409307009	6.254851388242503e-07
24.343716669282863	3.9568388161583315e-17	7.603906818408378e-08	0.0002827737918476419	0.00044281514670154793	0.014995842373496576	0.11762054796358729	0.5737338644379213	5.938075831690733e-07
24.444727941769514	2.906682777832258e-17	6.273461588974135e-08	0.00024528246397739756	0.00037384597932004155	0.013985306237184967	0.11577758719033361	0.5634081875494258	5.6340887032085e-07
24.545739214256166	2.1325157827295585e-17	5.1690709440770183e-08	0.000212468658346316	0.0003149659237620101	0.0130249017529303	0.11385731341972226	0.5528350626908942	5.342711246208785e-07
24.646750486742818	1.562543833571937e-17	4.2535597210972665e-08	0.00018379078255374557	0.00026481039846880394	0.012113741260939836	0.11186455785434522	0.5420275474000112	5.06373319928595e-07
24.747761759229466	1.1434508540509069e-17	3.495645384969876e-08	0.00015876417516339875	0.00022218109810950948	0.011250802269592734	0.10980427023814654	0.5309994866704211	4.796915847387865e-07
24.848773031716117	8.356956387394656e-18	2.8690425965814836e-08	0.00013695588449497668	0.0001860286319085639	0.010434942316029405	0.10768149850001102	0.5197654871435573	4.541995080150708e-07
24.94978430420277	6.099919544060986e-18	2.3516972737110675e-08	0.00011797982909984945	0.0001554365272326869	0.009664913574542059	0.10550136830967248	0.5083408834588816	4.298684429337195e-07
25.05079557668942	4.4467776748239714e-18	1.925132508009195e-08	0.00010149232418782914	0.00012960656077076253	0.008939377114428052	0.10326906266073474	0.49674169714172656	4.066678059435056e-07
25.151806849176072	3.2375170554835477e-18	1.5738909277750246e-08	8.71879572895755e-05	0.0001078453681314314	0.008256916719285282	0.10098980159325996	0.4849845884713475	3.8456536877763674e-07
25.25281812166272	2.354095363689792e-18	1.2850600691383601e-08	7.479579574676357e-05	8.955227378890362e-05	0.007616052190230334	0.09866882216525381	0.47308680182961077	3.6352754129793706e-07
25.353829394149372	1.7095483085644943e-18	1.0478690622865868e-08	6.407590818392658e-05	7.42082767521947e-05	0.00701525206606942	0.09631135877850783	0.461066105082684	3.4351964330458434e-07
25.454840666636024	1.239892525402265e-18	8.53346477456058e-09	5.4816181910603116e-05	6.1366122841931e-05	0.006452945703919408	0.09392262395969905	0.44894072359390547	3.245061637024323e-07
25.555851939122675	8.981151962542493e-19	6.940305286773177e-09	4.682941819132815e-05	5.064139176395181e-05	0.005927534674042158	0.09150778969243825	0.43672926950540214	3.064510056730667e-07
25.656863211609323	6.497187293561639e-19	5.637240211882487e-09	3.995068748970475e-05	4.17045260132546e-05	0.005437403432615259	0.08907196939017029	0.42445066695886224	2.893177167565488e-07
25.757874484095975	4.694226776977176e-19	4.5728746884605215e-09	3.403492710502108e-05	3.427372878285883e-05	0.004980929245719192	0.08662020059351482	0.4121240739519198	2.7306970299483376e-07
25.858885756582627	3.3872565027658544e-19	3.7046471706132506e-09	2.8954764059536978e-05	2.8108659264582808e-05	0.004556491346895904	0.08415742846886498	0.3997688015457969	2.576704265272267e-07
25.95989702906928	2.4410543134850586e-19	2.9973619954725997e-09	2.4598546635364426e-05	2.3004855805937352e-05	0.004162479319155314	0.08168849017789667	0.3874042311520689	2.43083586254321e-07
26.06090830155593	1.7569206145606408e-19	2.421956469332175e-09	2.0868568583686556e-05	1.8788820142611834e-05	0.0037973007002213223	0.07921810018015905	0.3750497306316858	2.292732813986433e-07
26.161919574042578	1.2629093344551564e-19	1.9544666413446835e-09	1.7679470717571314e-05	1.5313699192755045e-05	0.003459387817071934	0.07675083652318135	0.3627245699377003	2.1620415798591745e-07
26.26293084652923	9.06645575487134e-20	1.5751611218304864e-09	1.4956805334189364e-05	1.2455504530938099e-05	0.0031472038624092034	0.07429112816661539	0.3504478370246407	2.0384153844921752e-07
26.36394211901588	6.500522388474906e-20	1.267816787645353e-09	1.2635749681696962e-05	1.010981352927676e-05	0.002859248231574696	0.07184324337891133	0.33823835473229674	1.92151534718415e-07
26.464953391502533	4.6548351902450917e-20	1.0191140868988906e-09	1.065995547326399e-05	8.188900152225416e-06	0.00259406114359514	0.06941127923695782	0.3261145993300409	1.8110114529865047e-07
26.56596466398918	3.3289379336774764e-20	8.181329872660554e-10	8.98052224775531e-06	6.619247429015581e-06	0.0023502275745044946	0.0669991522510831	0.31409462138004607	1.7065833696395117e-07
26.666975936475833	2.3776746406964935e-20	6.559334751580232e-10	7.555083171350139e-06	5.3393976286454174e-06	0.0021263805348514923	0.06461059012987105	0.30219596954416517	1.6079211179561273e-07
26.767987208962484	1.6960728108732994e-20	5.252069681958929e-10	6.346992659909937e-06	4.298100066454653e-06	0.0019212037263862643	0.062249124691458796	0.29043561792029016	1.5147256037999443e-07
26.868998481449136	1.2083198143108643e-20	4.199871046889646e-10	5.324605969077416e-06	3.452720231480395e-06	0.0017334336153509234	0.05991808592040906	0.2788298974501137	1.4267090204753036e-07
26.970009753935788	8.597350663649388e-21	3.3541016865209054e-10	4.4606416461399965e-06	2.7678775044646754e-06	0.0015618609616101123	0.057620597161949526	0.2673944318919713	1.343595130848896e-07
27.071021026422436	6.1093178825721944e-21	2.675169390090629e-10	3.7316184547527025e-06	2.214282112175324e-06	0.00140533184408503	0.055359571438387475	0.2561440788003547	1.2651194388629268e-07
27.172032298909087	4.3357690807316965e-21	2.1308905355276218e-10	3.1173590718176056e-06	1.7677451179287963e-06	0.0012627482236402831	0.05313770886589173	0.2450928758984053	1.1910292602916198e-07
27.27304357139574	3.0731581015015753e-21	1.695140838818046e-10	2.60055350924326e-06	1.4083381715396182e-06	0.0011330680847613792	0.05095749514362573	0.2342539931718594	1.121083702647785e-07
27.37405484388239	2.1754494772048088e-21	1.3467445471846885e-10	2.166375832485446e-06	1.1196824311518363e-06	0.001015305197098297	0.04882120108144611	0.22363969095316422	1.0550535640773911e-07
27.475066116369042	1.5380074473927496e-21	1.0685613390895654e-10	1.802148329012074e-06	8.883485262920314e-07	0.0009085285372856228	0.04673088312708984	0.2132612842035465	9.927211609013133e-08
27.57607738885569	1.0859584621178953e-21	8.467368897740883e-11	1.4970478258393412e-06	7.033516617229641e-07	0.0008118614104302538	0.044688384848974666	0.20312911313931972	9.33880093188182e-08
27.677088661342342	7.657964131055198e-22	6.700887048443872e-11	1.2418493620382724e-06	5.557279740171004e-07	0.0007244803093319237	0.04269533932645818	0.1932525202873982	8.783349573843611e-08
27.778099933828994	5.393352183839037e-22	5.296035728011175e-11	1.0287028959787138e-06	4.381800582009244e-07	0.0006456135479170328	0.04075317239565239	0.18363983399448047	8.25901014599969e-08
27.879111206315645	3.793582836569521e-22	4.180269751630021e-11	8.509391594995287e-07	3.4478119290180017e-07	0.0005745397035677991	0.038863106695677586	0.17429835835532947	7.764038226664033e-08
27.980122478802294	2.6649293605191704e-22	3.29528135712845e-11	7.029011758688148e-07	2.707292227079347e-07	0.000510585901060691	0.03702616645757315	0.16523436946863498	7.296788395536359e-08
28.081133751288945	1.8696795167646052e-22	2.5942718763382962e-11	5.797983245473411e-07	2.121423199869806e-07	0.00045312596873113944	0.035243182975950915	0.15645311787465455	6.855710051760595e-08
28.182145023775597	1.3100684183949707e-22	2.0397327377146532e-11	4.775801720433624e-07	1.6588995937915108e-07	0.00040157849529453383	0.033514800701882716	0.1479588369777478	6.439343080350172e-08
28.28315629626225	9.167820955312491e-23	1.6016434337582108e-11	3.928275957059768e-07	1.2945341057270806e-07	0.00035540481351153095	0.03184148389443567	0.1397547572094825	6.046313425539827e-08
28.3841675687489	6.407426122298846e-23	1.2560103012170511e-11	3.2265900386513435e-07	1.0081090233677917e-07	0.00031410693462138243	0.030223523767702255	0.13184312564467102	5.6753286236806725e-08
28.485178841235548	4.472459643617825e-23	9.836834337408258e-12	2.646497090556073e-07	7.834334606685495e-08	0.00027722545520892636	0.028661046070087477	0.124225230743798	5.325173342408029e-08
28.5861901137222	3.1178455110034146e-23	7.694002199664572e-12	2.167627359927061e-07	6.075714248806699e-08	0.00024433745594489947	0.02715401903299617	0.11690143186113766	4.994704967052793e-08
28.68720138620885	2.1707414163957583e-23	6.010132509101512e-12	1.7728955143280687e-07	4.702114202885644e-08	0.0002150544094675934	0.025702261626882397	0.10987119312866324	4.6828492696965555e-08
28.788212658695503	1.5094089864726934e-23	4.688679865090631e-12	1.4479938588454348e-07	3.6315298216159275e-08	0.00018902011257548686	0.024305452063847537	0.10313312130172425	4.3885961909388314e-08
28.889223931182155	1.0482167827676928e-23	3.653018797359011e-12	1.1809597938803437e-07	2.7988953852865495e-08	0.00016590865589141522	0.022963136487579618	0.09668500713356046	4.110995759394905e-08
28.990235203668803	7.270104023536212e-24	2.842418528949049e-12	9.618073118721696e-08	2.1527040430909117e-08	0.00014542244225175253	0.021674737793375184	0.09052386983197502	3.8491541692057305e-08
29.091246476155455	5.0358812404706464e-24	2.2088129333674285e-12	7.822136075328254e-08	1.652276005660684e-08	0.00012729026327909908	0.020439564523244236	0.08464600414289594	3.6022300314432334e-08
29.192257748642106	3.4838197199645314e-24	1.7142124307848913e-12	6.352530426657298e-08	1.2655563139197102e-08	0.0001112654419214504	0.01925681978363644	0.07904702960198162	3.3694308112514056e-08
29.293269021128758	2.407028348460219e-24	1.3286333091612465e-12	5.151717083318717e-08	9.673440459108717e-09	9.712404718963172e-05	0.018125610136099955	0.07372194149668017	3.1500094588852945e-08
29.394280293615406	1.6609328542910704e-24	1.0284434690011432e-12	4.17196726170968e-08	7.378720502430405e-09	8.466318590076535e-05	0.017044954414165963	0.06866516308703446	2.9432612395010038e-08
29.495291566102058	1.1446383305984244e-24	7.950427938440888e-13	3.373752281889295e-08	5.6167069652935885e-09	7.369937493932819e-05	0.016013792422898403	0.06387059864371963	2.7485207636064765e-08
29.59630283858871	7.878251357592241e-25	6.138120061733667e-13	2.7243862696141924e-08	4.266611327634116e-09	6.406699637806063e-05	0.015030993480830031	0.05933168687601177	2.5651592174998078e-08
29.69731411107536	5.41547704743586e-25	4.732766136515713e-13	2.1968841313140056e-08	3.234335047569326e-09	5.561683675604612e-05	0.014095364767384053	0.055041454340234726	2.3925817907862248e-08
29.798325383562013	3.7178250102354534e-25	3.6444290795583113e-13	1.7690022434692205e-08	2.4467384159112832e-09	4.8214710886972406e-05	0.013205659442325938	0.050992568440346095	2.2302252961637234e-08
29.89933665604866	2.549097860216754e-25	2.8027138145700706e-13	1.4224341542392806e-08	1.847101172578749e-09	4.1740169762017334e-05	0.012360584507267318	0.047177389656278795	2.077555975081393e-08
30.000347928535312	1.7455384142207122e-25	2.1525973312692845e-13	1.1421372804486763e-08	1.3915359682051787e-09	3.6085291413305634e-05	0.011558808382724493	0.04358802266203262	1.9340674815854806e-08
30.101359201021964	1.1937617294821103e-25	1.6511313877130734e-13	9.157703794511142e-09	1.0461616554764172e-09	3.1153553009076165e-05	0.010798968177689947	0.040216366023870805	1.7992790356533807e-08
30.202370473508616	8.15363434782843e-26	1.2648390393017832e-13	7.332242616872573e-09	7.848809145453344e-10	2.6858781953712738e-05	0.01007967663207803	0.03705416019888569	1.6727337365536363e-08
30.303381745995267	5.561989309174769e-26	9.67661990528528e-14	5.862310404621152e-09	5.876372920039142e-10	2.3124183357456603e-05	0.00939952871573423	0.03409303358522399	1.5539970262364875e-08
30.404393018481915	3.789260010969121e-26	7.393445837474057e-14	4.680393412570719e-09	4.3905157344872376e-10	1.9881440914539113e-05	0.008757107870926064	0.03132454640697831	1.442655292431734e-08
30.505404290968567	2.5782439194960327e-26	5.6416339152109665e-14	3.7314469677243206e-09	3.273575308186929e-10	1.7069887977237502e-05	0.008150991888344955	0.028740232248758532	1.3383146009852361e-08
30.60641556345522	1.752019503129585e-26	4.2992994943694705e-14	2.970662966009561e-09	2.435733357377835e-10	1.4635745429585749e-05	0.007579758409624895	0.0263316370868603	1.2405995469789795e-08
30.70742683594187	1.1890475136297842e-26	3.2720903748583775e-14	2.3616225393374868e-09	1.808580152692623e-10	1.2531422840948859e-05	0.007041990052208159	0.0240903556953956	1.1491522143313137e-08
30.80843810842852	8.05943914755841e-27	2.487068079313789e-14	1.87477183608814e-09	1.340128325022263e-10	1.0714879309411685e-05	0.006536279155052043	0.02200806533640287	1.0636312338413064e-08
30.90944938091517	5.455766446707808e-27	1.8879254856217014e-14	1.4861648523811476e-09	9.909588525768073e-11	9.14904038124873e-06	0.006061232146158814	0.02007655667251809	9.837109300057941e-09
31.01046065340182	3.6885192912390024e-27	1.4312543422959438e-14	1.176429851764643e-09	7.312493045872742e-11	7.801267449301568e-06	0.00561547353521959	0.01828776186898669	9.090805473794992e-09
31.111471925888473	2.490540947604864e-27	1.0836363827434671e-14	9.299195185787711e-10	5.38487863586733e-11	6.642876083939424e-06	0.005197649536782624	0.016633779878408233	8.39443547751959e-09
31.212483198375125	1.679502491230394e-27	8.193795694686571e-15	7.340148707568078e-10	3.9571907240784535e-11	5.648699829898078e-06	0.004806431331286626	0.01510689892642732	7.745169699628067e-09
31.313494470861773	1.1311311354124312e-27	6.187589254098643e-15	5.785545117598858e-10	2.9020083275267978e-11	4.796696105577566e-06	0.004440517973036007	0.013699616239461868	7.140308447564853e-09
31.414505743348425	7.608352053415905e-28	4.666514445944993e-15	4.553690722025117e-10	2.1237868894743623e-11	4.067590963684588e-06	0.004098638955738994	0.012404655076366781	6.57727657674508e-09
31.515517015835076	5.111090628674653e-28	3.514783226108792e-15	3.5790058046626886e-10	1.5510429564064543e-11	3.4445596092198715e-06	0.0037795564475827537	0.01121497914458569	6.053618535886119e-09
31.616528288321728	3.4291138331976216e-28	2.643864954388719e-15	2.8089288519401214e-10	1.1304134738161948e-11	2.9129397189595464e-06	0.0034820672089846526	0.010123804497783393	5.56699377079888e-09
31.71753956080838	2.297711835328392e-28	1.986162526113511e-15	2.2013969649829767e-10	8.221507061226317e-12	2.459974762416927e-06	0.0032050042071420197	0.00912460902616815	5.115172434608354e-09
31.818550833295028	1.5376396132254086e-28	1.4901332023595011e-15	1.7228014327056787e-10	5.967138966324417e-12	2.074584684851815e-06	0.0029472379423083664	0.008211139662704392	4.696031358108486e-09
31.91956210578168	1.0276823439116847e-28	1.1165294739139483e-15	1.3463285410925726e-10	4.321967325123443e-12	1.7471614756652043e-06	0.0027076775013606252	0.00737741743822576	4.3075502394612584e-09
32.02057337826833	6.859754450188692e-29	8.355069847197235e-16	1.0506206731509925e-10	3.1239021035283547e-12	1.4693873082854617e-06	0.002485271354697237	0.006617740526147962	3.947808017673012e-09
32.12158465075498	4.5730250845312945e-29	6.244026970262779e-16	8.186894227885019e-11	2.253273769523935e-12	1.2340730985624352e-06	0.002279007912829254	0.005926685423131756	3.6149793991921573e-09
32.222595923241634	3.0446959938326004e-29	4.660304007684923e-16	6.370468623410302e-11	1.6219262990545227e-12	1.0350154861980415e-06	0.0020879158592068364	0.005299106415762849	3.3073315115400617e-09
32.323607195728286	2.0245552193796686e-29	3.4737496696430853e-16	4.949961231176042e-11	1.1650615770357066e-12	8.668703965952124e-07	0.0019110642758703971	0.004730133485223487	3.0232206621048217e-09
32.42461846821494	1.3444995338199565e-29	2.585934863289054e-16	3.840701876500126e-11	8.35155321790277e-13	7.250414877021675e-07	0.0017475625784405557	0.004215168802147604	2.761089184071436e-09
32.52562974070158	8.917374870865398e-30	1.9225225238713314e-16	2.9757559565985534e-11	5.974289108458808e-13	6.055819271946106e-07	0.001596560276774318	0.0037498819625422578	2.519462354948653e-09
32.626641013188234	5.906887923133521e-30	1.4274473029955757e-16	2.302299620613142e-11	4.264870284850163e-13	5.051080791085444e-07	0.0014572465773272508	0.0033302041129479832	2.296945376267158e-09
32.727652285674885	3.907741039765006e-30	1.0584821160415608e-16	1.7787110296215416e-11	3.038267635655102e-13	4.20723805424595e-07	0.001328849842884139	0.002952321109078393	2.0922204057892574e-09
32.82866355816154	2.5818925230986465e-30	7.838658735472372e-17	1.372227819777958e-11	2.1599656140002697e-13	3.4995420687921897e-07	0.0012106369248633553	0.002612665847158906	1.9040436359893905e-09
32.92967483064819	1.7037108232840618e-30	5.797420242580974e-17	1.0571208110522159e-11	1.5323862854739023e-13	2.906877383430056e-07	0.0011019123828749152	0.0023079099012512684	1.731242414658226e-09
33.03068610313484	1.1227910536657122e-30	4.282157139602317e-17	8.13206327805172e-12	1.0849014379011997e-13	2.411257374757889e-07	0.0010020176056275826	0.0020349545931414364	1.572712405269638e-09
33.13169737562149	7.390049430773107e-31	3.158822410225211e-17	6.246749282131804e-12	7.665013468643953e-14	1.9973850115343965e-07	0.0009103298466473397	0.0017909216140453675	1.4274147862452011e-09
33.232708648108144	4.8578162323302484e-31	2.3271405465895217e-17	4.791643791725478e-12	5.404259180973026e-14	1.652271325482996e-07	0.0008262611875968852	0.0015731433095808605	1.2943734894817418e-09
33.333719920594795	3.189188275148642e-31	1.7122012438783404e-17	3.670213663944635e-12	3.802419468870279e-14	1.364904629830215e-07	0.0007492574412826837	0.0013791527313097868	1.172672479493325e-09
33.43473119308144	2.0910507553579325e-31	1.2581192165358656e-17	2.807186336572543e-12	2.6698354175996467e-14	1.1259642706195767e-07	0.0006787970057107543	0.0012066735497897364	1.0614530752830627e-09
33.53574246556809	1.3692865072741655e-31	9.232590553257384e-18	2.1440534725655492e-12	1.8707233383315137e-14	9.275733744704226e-08	0.0006143896798126652	0.001053609915610996	9.599113176252291e-10
33.63675373805474	8.955079003200168e-32	6.766438649333307e-18	1.6351852153805124e-12	1.3080828382360555e-14	7.630856734280588e-08	0.0005555754507165129	0.0009180363464360143	8.672953848275569e-10
33.737765010541395	5.849110865341679e-32	4.952580159532185e-18	1.2453322141418786e-12	9.127703843130438e-15	6.26902046598872e-08	0.0005019232616901381	0.0007981877096976413	7.829030602747035e-10
33.83877628302805	3.815536595569514e-32	3.620242571072614e-18	9.470721309139186e-13	6.356066647897302e-15	5.143129231845774e-08	0.0004530297691422198	0.0006924493624406861	7.060792551560129e-10
33.9397875555147	2.485803139021225e-32	2.6428871600157063e-18	7.191998324650163e-13	4.416883592673033e-15	4.213631461343346e-08	0.000408518096335846	0.0005993475018709273	6.362135897614279e-10
34.04079882800135	1.6174213797985874e-32	1.926878644432116e-18	5.453951339684637e-13	3.062979384892186e-15	3.4473630369483636e-08	0.00036803659075397484	0.0005175397725776267	5.727380366193222e-10
34.141810100488	1.0510538455914514e-32	1.4030233485112232e-18	4.1294605098597845e-13	2.119692207902719e-15	2.816559013405176e-08	0.0003312575913608555	0.0004458061691683555	5.151246285578637e-10
34.24282137297465	6.821377591712423e-33	1.0202585098525423e-18	3.1224920541731544e-13	1.4638687575920365e-15	2.2980107247158502e-08	0.00029787621133161603	0.000383040266234618	4.6288323451508956e-10
34.3438326454613	4.4214483236171735e-33	7.409524625791352e-19	2.357551183266894e-13	1.008862756797021e-15	1.8723481629058335e-08	0.0002676091411769187	0.00032824080119598015	4.155594056212001e-10
34.44484391794795	2.862215672304593e-33	5.374093995047672e-19	1.7774616883308807e-13	6.938452939233934e-16	1.523430086535555e-08	0.0002401934765733303	0.0002805036296575803	3.727322937323343e-10
34.5458551904346	1.8504846884514134e-33	3.8927361034949005e-19	1.3383699634495226e-13	4.762048489304902e-16	1.2378265950168991e-08	0.00021538557462491431	0.00023901406748715116	3.340126442329532e-10
34.64686646292125	1.1948516155183823e-33	2.816044156142137e-19	1.0058592442662357e-13	3.261561625870596e-16	1.0043809158420783e-08	0.00019295994172891323	0.00020303962887198855	2.9904086454187647e-10
34.747877735407904	7.705268784321498e-34	2.0345049468474349e-19	7.555047337524722e-14	2.2292458839069416e-16	8.138389225836095e-09	0.00017270815569961242	0.00017192316515583864	2.6748516937146714e-10
34.848889007894556	4.962573468136288e-34	1.4679553039659507e-19	5.662122746035259e-14	1.5205159048858261e-16	6.585364567636655e-09	0.00015443782431993758	0.00014507640527355233	2.3903980340744943e-10
34.94990028038121	3.1920629275968553e-34	1.0577954807460975e-19	4.2410413761132906e-14	1.0349623955737867e-16	5.32135889272644e-09	0.0001379715820405967	0.0001219738950852497	2.1342334169758706e-10
35.05091155286786	2.050601534408047e-34	7.612466150008307e-20	3.169679122838672e-14	7.03005596952488e-17	4.294045479048292e-09	0.00012314612613145178	0.00010214732984683287	1.903770676805033e-10
35.15192282535451	1.3156381255275945e-34	5.471215665436218e-20	2.364769571235918e-14	4.765336837368396e-17	3.460286759190973e-09	0.00010981129320906184	8.518027141801119e-05	1.696634284373958e-10
35.25293409784116	8.430182203054969e-35	3.927146352984617e-20	1.765250682007646e-14	3.223510096257914e-17	2.7845748973460666e-09	9.782917671730613e-05	7.070323958055235e-05	1.510645664308203e-10
35.35394537032781	5.394892692644351e-35	2.815173275714934e-20	1.310060353884409e-14	2.176030982830623e-17	2.237726877006237e-09	8.707328562390869e-05	5.838916499383564e-05	1.3438092669460443e-10
35.45495664281446	3.448053525384514e-35	2.015431157672197e-20	9.7699424623898e-15	1.465891152792862e-17	1.7957944055728676e-09	7.742774431344783e-05	4.794918982281271e-05	1.1942993816617288e-10
35.55596791530111	2.2009517692415196e-35	1.441005365607395e-20	7.216435250009862e-15	9.854599571085092e-18	1.4391548051042106e-09	6.878653340591457e-05	3.912880091154238e-05	1.0604476761034156e-10
35.65697918778776	1.403112168676265e-35	1.0289588812356668e-20	5.384571379843197e-15	6.611147541265569e-18	1.1517541122187546e-09	6.105277100764774e-05	3.170427950501842e-05	9.407314436101217e-11
35.757990460274414	8.933457901633777e-36	7.337789258305306e-21	3.941284399630047e-15	4.4260399142101046e-18	9.204779567947621e-10	5.41380337071806e-05	2.5479450932967423e-05	8.33762539236353e-11
35.859001732761065	5.6805729029001864e-36	5.225973963879421e-21	2.942085789282701e-15	2.95702102154571e-18	7.346295193900346e-10	4.7961716460538606e-05	2.0282717307035425e-05	7.38276983121917e-11
35.96001300524772	3.6075305629544684e-36	3.717098256764907e-21	2.1649311809207983e-15	1.971487859436767e-18	5.854970617592363e-10	4.2450430367303117e-05	1.5964356148754014e-05	6.531252086569465e-11
36.06102427773437	2.2880907164564853e-36	2.6404359268165447e-21	1.6098207452705502e-15	1.3116996759437166e-18	4.659962546162817e-10	3.7537437218625355e-05	1.2394067905805636e-05	5.772629317250855e-11
36.16203555022102	1.4493784427549242e-36	1.8731908073075972e-21	1.165732302665607e-15	8.70914105840495e-19	3.703748545592632e-10	3.316211959970351e-05	9.458755526858493e-06	5.0974261651201405e-11
36.263046822707665	9.169289709269359e-37	1.3271597281073291e-21	8.881770925403972e-16	5.770545202541285e-19	2.9396926290724494e-10	2.9269485250344522e-05	7.060519605441119e-06	4.497055126972067e-11
36.364058095194316	5.7934188830065355e-37	9.390725897525669e-22	6.106217244712464e-16	3.815566079032758e-19	2.3300418131890043e-10	2.5809704326498335e-05	5.11485306661087e-06	3.9637423847346905e-11
36.46506936768097	3.655775390215674e-37	6.636054226662494e-22	4.4408854624463994e-16	2.517686900232454e-19	1.8442800459550678e-10	2.273767816145689e-05	3.5490199203677297e-06	3.4904588359126256e-11
36.56608064016762	2.3039307329218125e-37	4.6833377667090335e-22	3.3306643905377027e-16	1.6578493771904468e-19	1.457777967033947e-10	2.001263809616325e-05	2.3006032368237793e-06	3.0708560663963175e-11
36.66709191265427	1.450122428491125e-37	3.3009262971178356e-22	2.220442748324016e-16	1.0894041614240244e-19	1.1506871365466249e-10	1.75977729323018e-05	1.316208180694687e-06	2.699207008665495e-11
36.76810318514092	9.115600004826542e-38	2.3235443529367346e-22	1.6653322133933818e-16	7.14387091502379e-20	9.07035940703326e-11	1.545988355803057e-05	5.503066706079582e-07	2.3703510315188138e-11
36.869114457627575	5.722834529673491e-38	1.6334313956847782e-22	1.1102213911937608e-16	4.6749694412097367e-20	7.139915887710754e-11	1.3569063303016071e-05	-3.5789016906789966e-08	2.0796432115269603e-11
36.970125730114226	3.5882480409975363e-38	1.1467945572905464e-22	1.1102218778305992e-16	3.052984247010595e-20	5.612586622230959e-11	1.1898402595505146e-05	-4.748356119080784e-07	1.822907541514077e-11
37.07113700260088	2.2469792536102168e-38	8.040908865675387e-23	5.551107082216917e-17	1.9896237646398977e-20	4.405897401271246e-11	1.0423716518279372e-05	-7.94462320822853e-07	1.596393837819298e-11
37.17214827508752	1.4052739878666923e-38	5.630661884893121e-23	5.551109492463898e-17	1.2939514007322202e-20	3.453878565614469e-11	9.12329389132473e-06	-1.0178787732071046e-06	1.3967381148560602e-11
37.273159547574174	8.777448516177062e-39	3.93775372480104e-23	5.551111185372058e-17	8.3978010114984e-21	2.7038407584296412e-11	7.977666545828197e-06	-1.1644970588898358e-06	1.2209262035500827e-11
37.374170820060826	5.47546381008443e-39	2.7502517217211127e-23	-2.750251721721113e-23	5.438934184127848e-21	2.1137641035161534e-11	6.969397495690416e-06	-1.2504767349509425e-06	1.0662603981450799e-11
37.47518209254748	3.411291825268326e-39	1.9183645127970338e-23	-1.918364512797034e-23	3.515301961753549e-21	1.6501874803947052e-11	6.0828867581924445e-06	-1.2892009686726106e-06	9.303289248037648e-12
37.57619336503413	2.122570738561994e-39	1.3363635181109218e-23	-1.336363518110922e-23	2.267316135604266e-21	1.2865048243438863e-11	5.304193623946487e-06	-1.2916913003275452e-06	8.109780344270777e-12
37.67720463752078	1.3190182689244802e-39	9.297215184484853e-24	-9.297215184484855e-24	1.4593589642622645e-21	1.0015921499151745e-11	4.62087422702729e-06	-1.2669678602175975e-06	7.062865311219754e-12
37.77821591000743	8.18624592563311e-40	6.459753516146353e-24	-6.459753516146354e-24	9.373737571156092e-22	7.787028543907479e-12	4.021833318541485e-06	-1.2223612554126466e-06	6.145425573197156e-12
37.879227182494084	5.074159357927552e-40	4.482432967591946e-24	-4.482432967591947e-24	6.008472261696465e-22	6.045802876507309e-12	3.497189200234477e-06	-1.1637817629907447e-06	5.342224657486537e-12
37.980238454980736	3.1411505815399564e-40	3.1063218587373794e-24	-3.1063218587373797e-24	3.843403130887004e-22	4.687459849809163e-12	3.038150828513926e-06	-1.0959509220993792e-06	4.639716178295224e-12
38.08124972746739	1.942042584170485e-40	2.1498783901777886e-24	-2.149878390177789e-24	2.453400377679033e-22	3.629296922328439e-12	2.6369061530104053e-06	-1.0226001098698527e-06	4.0258695726091385e-12
38.18226099995403	1.1991515681541483e-40	1.485990826594996e-24	-1.4859908265949962e-24	1.5628652153368407e-22	2.80613655776561e-12	2.2865208070819253e-06	-9.466402162626956e-07	3.4900121660628818e-12
38.28327227244068	7.394941613610848e-41	1.025777467415498e-24	-1.025777467415498e-24	9.935168378236303e-23	2.166688432138931e-12	1.9808463201436374e-06	-8.703060983382292e-07	3.0226862352894238e-12
38.384283544927335	4.5545005378142116e-41	7.071718652589757e-25	-7.071718652589757e-25	6.302742257831415e-23	1.6706500547668742e-12	1.7144370730624784e-06	-7.952790959849367e-07	2.6155198190559036e-12
38.48529481741399	2.8015095329412596e-41	4.868908191181526e-25	-4.868908191181526e-25	3.99010636213932e-23	1.2863995383922304e-12	1.4824752678436645e-06	-7.227905243823296e-07	2.261110113545462e-12
38.58630608990064	1.7210313846201305e-41	3.347903947850638e-25	-3.347903947850638e-25	2.520809383498286e-23	9.891624544558707e-13	1.2807032312448555e-06	-6.537087268272806e-07	1.9529183670789504e-12
38.68731736238729	1.0559195100507251e-41	2.299054073519452e-25	-2.299054073519452e-25	1.589264381749176e-23	7.595576342730383e-13	1.1053624186145634e-06	-5.886119675725113e-07	1.685175266267108e-12
38.78832863487394	6.470207029128315e-42	1.5767403253010535e-25	-1.5767403253010535e-25	9.998915605179923e-24	5.824453796184913e-13	9.531385290356812e-07	-5.278491714385217e-07	1.4527958788210595e-12
38.88933990736059	3.959596015592336e-42	1.079955738059209e-25	-1.079955738059209e-25	6.277840313624563e-24	4.4601661511895885e-13	8.21112185665926e-07	-4.7159027035108534e-07	1.2513032879717385e-12
38.990351179847245	2.4200755199243568e-42	7.38731350630916e-26	-7.38731350630916e-26	3.933401105912623e-24	3.410736996970202e-13	7.06714675938495e-07	-4.1986769467278277e-07	1.0767601196027085e-12
39.09136245233389	1.47724421283944e-42	5.046635014446147e-26	-5.046635014446147e-26	2.4593866752645157e-24	2.604634498064139e-13	6.076882849788385e-07	-3.726103501436225e-07	9.257072257262265e-13
39.19237372482054	9.00577338726782e-43	3.443119178542557e-26	-3.443119178542557e-26	1.5345675314834522e-24	1.9863085245025318e-13	5.220507921910818e-07	-3.2967124413342513e-07	7.951088468958353e-13
39.29338499730719	5.4832124163479736e-43	2.3460486118041214e-26	-2.3460486118041214e-26	9.555332494744184e-25	1.5126832087019468e-13	4.480637354746404e-07	-2.9084976790855786e-07	6.823036315641775e-13
39.394396269793845	3.334221633861574e-43	1.5964552543067908e-26	-1.5964552543067908e-26	5.937535393770069e-25	1.1504046472624527e-13	3.842040799692063e-07	-2.5590950297299205e-07	5.849609423289043e-13
39.495407542280496	2.0248795683720403e-43	1.084953903946956e-26	-1.084953903946956e-26	3.681859641380511e-25	8.736844989691995e-14	3.291389586320272e-07	-2.2459229774192775e-07	5.010419275492362e-13
39.59641881476715	1.2281439411389553e-43	7.363776787978259e-27	-7.363776787978259e-27	2.2783941382693657e-25	6.626130655677027e-14	2.8170318037333844e-07	-1.966292518968618e-07	4.287648820992598e-13
39.6974300872538	7.439515971493497e-44	4.99142714897988e-27	-4.99142714897988e-27	1.4069902567358495e-25	5.018416720392345e-14	2.408792279737863e-07	-1.7174915353322575e-07	3.6657446309058886e-13
39.79844135974045	4.500755589654983e-44	3.378964667783957e-27	-3.378964667783957e-27	8.670695495166837e-26	3.7955508097191145e-14	2.05779492648995e-07	-1.496848297202015e-07	3.131143654873811e-13
39.8994526322271	2.719390131588739e-44	2.284427380150285e-27	-2.284427380150285e-27	5.332334539671815e-26	2.8667132863281385e-14	1.7563051498485905e-07	-1.3017780191492987e-07	2.6720309865300507e-13
40.00046390471375	1.6409786984249992e-44	1.5424313917601161e-27	-1.5424313917601161e-27	3.2725135338592896e-26	2.1621960550286157e-14	1.4975902312156682e-07	-1.1298157384149993e-07	2.278125382829216e-13
40.1014751772004	9.889622366001309e-45	1.0400857509163779e-27	-1.0400857509163779e-27	2.0042233773951063e-26	1.6285730498947026e-14	1.2757957859654877e-07	-9.786382820163015e-08	1.9404895891085469e-13
40.20248644968705	5.952533003231908e-45	7.0043401789829425e-28	-7.0043401789829425e-28	1.2249303769923673e-26	1.2249568155232306e-14	1.0858365825090491e-07	-8.460776029882738e-08	1.6513628050069674e-13
40.3034977221737	3.5782382526523164e-45	4.710859007961244e-28	-4.710859007961244e-28	7.470975210637134e-27	9.201013645947926e-15	9.233001714521304e-08	-7.301273913195562e-08	1.4040128856871892e-13
40.404508994660354	2.1482362215125633e-45	3.1642280415254686e-28	-3.1642280415254686e-28	4.547197266123793e-27	6.901634132509488e-15	7.843619260442419e-08	-6.289445272763364e-08	1.1926061105701436e-13
40.505520267147006	1.2880720436638563e-45	2.1226101470321953e-28	-2.1226101470321953e-28	2.761918786369112e-27	5.169750127637198e-15	6.657102340195666e-08	-5.408466512850859e-08	1.0120925691898157e-13
40.60653153963366	7.713360197310421e-46	1.422025844663581e-28	-1.422025844663581e-28	1.6740893063433276e-27	3.867127882280052e-15	5.644807078318885e-08	-4.643068972874884e-08	8.581054117601598e-14
40.70754281212031	4.613095114375596e-46	9.514359026429448e-29	-9.514359026429448e-29	1.0126210464897725e-27	2.8887428070941145e-15	4.781983959919951e-08	-3.979466224537661e-08	7.268723926560852e-14
40.80855408460696	2.7554119935426436e-46	6.357500076775701e-29	-6.357500076775701e-29	6.11245797369785e-28	2.154917171553341e-15	4.047270835124596e-08	-3.405268016548174e-08	6.151382989074358e-14
40.909565357093605	1.643713107484143e-46	4.2425601179171905e-29	-4.2425601179171905e-29	3.682013969597751e-28	1.6052905469969373e-15	3.422248651068343e-08	-2.9093862258642667e-08	5.2009700441386055e-14
41.01057662958026	9.792888977723843e-47	2.8275118162497617e-29	-2.8275118162497617e-29	2.2133779892740107e-28	1.19420277600118e-15	2.8910526150260774e-08	-2.481936782219542e-08	4.393320256039776e-14
41.11158790206691	5.826945848786039e-47	1.8819827761775425e-29	-1.8819827761775425e-29	1.3277806979145814e-28	8.871639096928935e-16	2.4400322770085156e-08	-2.1141408241943968e-08	3.7076457561644774e-14
41.21259917455356	3.4627127966442267e-47	1.251012510757668e-29	-1.251012510757668e-29	7.948729616707685e-29	6.581592927527294e-16	2.0574547290600515e-08	-1.7982274275263572e-08	3.1260822412220024e-14
41.31361044704021	2.0551205423450568e-47	8.305053869274251e-30	-8.305053869274251e-30	4.748645034034973e-29	4.87595322444058e-16	1.7332457577767092e-08	-1.5273395644795e-08	2.6332936892025652e-14
41.41462171952686	1.2181575672195657e-47	5.506276896281428e-30	-5.506276896281428e-30	2.8310158351886125e-29	3.6073593371684656e-16	1.458764362063829e-08	-1.2954445682551533e-08	2.2161281422768293e-14
41.515632992013515	7.211323410874983e-48	3.6459308967902125e-30	-3.6459308967902125e-30	1.6842846843667717e-29	2.665143771029187e-16	1.2266065653560259e-08	-1.0972499110850647e-08	1.8633183055628915e-14
41.61664426450017	4.263554485790151e-48	2.4109800197735642e-30	-2.4109800197735642e-30	9.999753848518783e-30	1.966315669565305e-16	1.0304349155543697e-08	-9.28124674953777e-09	1.5652214283651398e-14
41.71765553698682	2.5175262078429655e-48	1.5922585225442774e-30	-1.5922585225442774e-30	5.9246640454946715e-30	1.4487291541568554e-16	8.648304815748398e-09	-7.840270821022467e-09	1.3135935717032657e-14
41.81866680947347	1.4846412460550355e-48	1.0501911288445252e-30	-1.0501911288445252e-30	3.502988870462617e-30	1.065914871355018e-16	7.251645270901037e-09	-6.614380025892944e-09	1.1013939423814412e-14
41.919678081960114	8.744085229279422e-49	6.917639107343754e-31	-6.917639107343754e-31	2.066875870759011e-30	7.831757011534761e-17	6.074873738955194e-09	-5.573004382373715e-09	9.226154812165243e-15
42.020689354446766	5.14342700644992e-49	4.550742367899397e-31	-4.550742367899397e-31	1.2170001791030776e-30	5.746418470816713e-17	5.084322631402693e-09	-4.689646508240715e-09	7.721383513923775e-15
42.12170062693342	3.021594061700714e-49	2.989794854443454e-31	-2.989794854443454e-31	7.151011859039999e-31	4.2105289319783446e-17	4.251322859361366e-09	-3.9413878793752316e-09	6.456033736094136e-15
42.22271189942007	1.77282143612956e-49	1.9617123369499028e-31	-1.9617123369499028e-31	4.193194076113776e-31	3.0808987362763784e-17	3.5514868880470225e-09	-3.308445831600419e-09	5.393028174083983e-15
42.32372317190672	1.038817384883104e-49	1.2854762257313927e-31	-1.2854762257313927e-31	2.453708899578821e-31	2.251228374094286e-17	2.9640906699698345e-09	-2.7737778714242596e-09	4.50086274970601e-15
