# -----------------------------------
# SAS_MoCa Version 1.3.0
# Thu Feb  5 15:50:18 2026
# -----------------------------------
datafile:	./POPE_50C_tmp_submission.dat
save-folder:	RES_POPE-example
qrange:	[0.005, 0.6]
model:	LUV_POPE
temperature-init:	400
temperature-gain:	50
target-X2:	1
data-binning:	1
error-scale:	1
iterations:	100
processes:	24
plot-only:	False
state:	0
# -----------------------------------
q	I_data	I_err	I_fit
0.00528205225	0.32389567	0.00397121053	0.33132052057473954
0.00590202479	0.21590771	0.00225059419	0.2172331070576215
0.00652199734	0.14502276	0.00172743091	0.1369042723760816
0.00714196989	0.093973952	0.0013789762	0.08511507530420655
0.00776194243	0.057386057	0.00108939514	0.0550987738478741
0.00838191498	0.040324829	0.000917569742	0.039975325516855224
0.00900188753	0.03393588	0.000796904004	0.033767565989557394
0.00962186007	0.033311501	0.000702399863	0.03193519385980275
0.0102418326	0.032167793	0.000625816959	0.03148280975206926
0.0108618052	0.034341932	0.000568572681	0.030768401299294215
0.0114817777	0.034205354	0.000512567019	0.029157205825605482
0.0121017503	0.0304624	0.000469069622	0.026645385736256987
0.0127217228	0.027047343	0.000446845667	0.02353702457617449
0.0133416954	0.023517897	0.000399611873	0.02021388723000862
0.0139616679	0.01941632	0.000375479369	0.01700196062799004
0.0145816404	0.014976275	0.000346840799	0.014116944888125345
0.015201613	0.011496715	0.000322325424	0.011662274704046674
0.0158215855	0.008943114	0.000306475267	0.009654257292235667
0.0164415581	0.006693248	0.000289121044	0.008055135632476887
0.0170615306	0.004863692	0.000270381487	0.006802519817534787
0.0176815032	0.0040502446	0.000262776704	0.0058302030373661605
0.0183014757	0.0030881986	0.000251153511	0.005079898789437536
0.0189214483	0.0025003103	0.000236975575	0.00450578187244843
0.0195414208	0.0021231019	0.000231229167	0.004074445883236868
0.0201613934	0.0013812775	0.000224086427	0.0037626106330246427
0.0207813659	0.0012978799	0.000215683893	0.003554231583016507
0.0214013385	0.0011872887	0.000209875242	0.003437934127341122
0.022021311	0.0006470343	0.000203186519	0.0034051350555592504
0.0226412835	0.0010513639	0.000198877362	0.003448859451017271
0.0232612561	0.0011251173	0.000195876146	0.0035630978924897183
0.0238812286	0.0013740121	0.000190281104	0.003742509367921108
0.0245012012	0.0014113307	0.000185705421	0.003982306062603607
0.0251211737	0.0016599978	0.000183086807	0.00427820855084647
0.0257411463	0.0022828233	0.000179018994	0.004626412477142401
0.0263611188	0.0024790706	0.000176425896	0.005023542767413924
0.0269810914	0.0031108519	0.000175135676	0.0054665956264961495
0.0276010639	0.0034257258	0.000171641262	0.005952874311067776
0.0282210365	0.0038464271	0.000167681771	0.006479929628733433
0.028841009	0.0045581808	0.000168427701	0.00704550914104538
0.0294609816	0.0052478351	0.000165976922	0.007647520195149884
0.0300809541	0.0057991595	0.00016292656	0.008284003661098407
0.0307009267	0.0069728232	0.000163055005	0.008953119002068716
0.0313208992	0.0075839495	0.000160180409	0.009653134567824451
0.0319408717	0.008197885	0.000157849114	0.010382423369536476
0.0325608443	0.0092922729	0.000159135098	0.011139459416185802
0.0331808168	0.0101346016	0.000156532669	0.011922814012249308
0.0338007894	0.0107443973	0.000156142375	0.01273115250657515
0.0344207619	0.0117734094	0.000155919557	0.013563228077518976
0.0350407345	0.0124165629	0.000156583942	0.014417876571397578
0.035660707	0.0130559843	0.000158934438	0.015294008523835882
0.0362806796	0.0140895289	0.000160462301	0.01619060302388505
0.0369006521	0.0149184201	0.000160378867	0.01710669936887481
0.0375206247	0.0160395032	0.000160931251	0.01804139131685197
0.0381405972	0.0170836214	0.000162225576	0.01899381951696809
0.0387605698	0.0181805973	0.000162015336	0.019963166962049982
0.0393805423	0.0195072947	0.000163490368	0.020948652690325597
0.0400005149	0.0208857879	0.000164221598	0.02194952864170377
0.0406204874	0.0221009937	0.000163043707	0.022965074624526977
0.0412404599	0.0232996044	0.000165081799	0.023994596243345604
0.0418604325	0.0241289884	0.000164725177	0.025037421719860058
0.042480405	0.0250959812	0.000163751239	0.02609289908894358
0.0431003776	0.0261657877	0.000158656723	0.027160395437269422
0.0437203501	0.0272619572	0.000158405746	0.028239293881155928
0.0443403227	0.0283890402	0.000156173064	0.029328993513481273
0.0449602952	0.0291698397	0.000154930981	0.030428906769207766
0.0455802678	0.0306787572	0.000155560628	0.03153845974111412
0.0462002403	0.0319512918	0.000152536258	0.03265708979665521
0.0468202129	0.0328894583	0.000151924386	0.03378424614975978
0.0474401854	0.0340415514	0.00015224618	0.03491938764697127
0.048060158	0.0355018612	0.000150295367	0.0360619835271339
0.0486801305	0.036420824	0.000150151804	0.03721151132969453
0.049300103	0.0381326853	0.00015023468	0.038367457614106766
0.0499200756	0.0392479284	0.000148362746	0.03952931689779454
0.0505400481	0.0404218646	0.000148384051	0.04069659062451738
0.0511600207	0.0418783279	0.000149249375	0.04186878805858848
0.0517799932	0.0427865797	0.000147517567	0.043045424400682084
0.0523999658	0.0439727346	0.000147234275	0.044226021959977616
0.0530199383	0.045364503	0.000147788366	0.04541010833150117
0.0536399109	0.0463590161	0.00014606999	0.04659721764714492
0.0542598834	0.0474356873	0.000146040093	0.04778688880620253
0.054879856	0.0486284192	0.000146670659	0.04897866679273549
0.0554998285	0.049870625	0.000145251936	0.05017210095224808
0.0561198011	0.0511427838	0.000147378674	0.05136674636414176
0.0567397736	0.0521473039	0.000149770878	0.05256216215855614
0.0573597462	0.0536229497	0.000151796202	0.05375791293379918
0.0579797187	0.055106085	0.000152790149	0.05495356710838971
0.0585996912	0.0563157254	0.000153664461	0.05614869818172864
0.0592196638	0.0576242624	0.000154494626	0.05734288408086432
0.0598396363	0.0586885574	0.000154811102	0.058535706522467895
0.0604596089	0.059963699	0.000156981159	0.05972675231251846
0.0610795814	0.0612574619	0.000157118331	0.060915611770680604
0.061699554	0.0624717198	0.000158737288	0.06210188024046056
0.0623195265	0.0634331974	0.000157939698	0.06328515653834615
0.0629394991	0.0646602881	0.000157784633	0.06446504447563617
0.0635594716	0.0659876754	0.000159447062	0.0656411513309372
0.0641794442	0.0666805494	0.000157651445	0.06681308937839196
0.0647994167	0.0680779128	0.000154174339	0.06798047438263864
0.0654193893	0.0692501811	0.000152863211	0.06914292712871205
0.0660393618	0.0705038774	0.00015257562	0.07030007193898921
0.0666593343	0.0716476287	0.000152396447	0.07145153801525138
0.0672793069	0.0727566899	0.000151794807	0.07259695890373051
0.0678992794	0.0740051041	0.000151350672	0.07373597198027336
0.068519252	0.0750942349	0.000150006231	0.07486821977954167
0.0691392245	0.076531748	0.000149412687	0.07599334856689363
0.0697591971	0.0775545235	0.000150547791	0.07711100984301392
0.0703791696	0.0784781877	0.000148619494	0.07822085893836743
0.0709991422	0.0796409573	0.000148630291	0.07932255650304923
0.0716191147	0.0806917681	0.000148856102	0.08041576712440346
0.0722390873	0.0818193692	0.000148183627	0.08150016079919573
0.0728590598	0.0827555788	0.000147834201	0.0825754115751077
0.0734790324	0.083889344	0.000147846373	0.08364119900253436
0.0740990049	0.0852046024	0.000146771381	0.08469720680075628
0.0747189775	0.0859682848	0.000146429675	0.0857431242868396
0.07533895	0.0869917342	0.000147402747	0.08677864506735809
0.0759589225	0.0880481071	0.000145822852	0.08780346827760982
0.0765788951	0.0891952094	0.000146136186	0.08881729812192252
0.0771988676	0.0899708905	0.000146164698	0.08981984344480456
0.0778188402	0.0909944268	0.000145730635	0.0908108189247011
0.0784388127	0.0917786414	0.000145637414	0.09178994383368876
0.0790587853	0.09294949	0.00014537972	0.09275694336854085
0.0796787578	0.0939548223	0.000147615258	0.09371154743931583
0.0802987304	0.0946749168	0.000148433809	0.09465349196795023
0.0809187029	0.0953302424	0.00015030769	0.09558251770672896
0.0815386755	0.0963068312	0.00015047599	0.09649837150260913
0.082158648	0.0972269095	0.000150343995	0.09740080514655654
0.0827786206	0.0979842357	0.000149289571	0.09828957660190811
0.0833985931	0.098947108	0.000147329518	0.09916444888554934
0.0840185656	0.099853551	0.000146499453	0.10002519112103872
0.0846385382	0.100297	0.000146278511	0.10087157814100287
0.0852585107	0.101720491	0.000144768336	0.10170339012907392
0.0858784833	0.102218943	0.000144719627	0.10252041360934828
0.0864984558	0.10291326	0.000144647186	0.10332244041130552
0.0871184284	0.103769733	0.000143280244	0.1041092687603878
0.0877384009	0.104541395	0.000142840265	0.10488070227800314
0.0883583735	0.105327745	0.000143426101	0.10563655102971514
0.088978346	0.105938325	0.000141879204	0.1063766305611907
0.0895983186	0.106662055	0.000140869134	0.10710076290281806
0.0902182911	0.107440032	0.00014161776	0.10780877564242376
0.0908382637	0.108145108	0.000140502166	0.10850050288522282
0.0914582362	0.108802701	0.000140596734	0.10917578436408953
0.0920782088	0.10933627	0.000141748916	0.1098344663538278
0.0926981813	0.110013606	0.000140127633	0.11047640081974007
0.0933181538	0.110423984	0.000139807477	0.11110144618583914
0.0939381264	0.111411139	0.000140601355	0.1117094670196594
0.0945580989	0.111606044	0.000139626881	0.11230033376405693
0.0951780715	0.112002868	0.000139554937	0.1128739234284942
0.095798044	0.112893222	0.000139494243	0.1134301188363184
0.0964180166	0.113377648	0.000138254739	0.11396880937236499
0.0970379891	0.113790443	0.000137807439	0.11448989027078343
0.0976579617	0.114426672	0.000138041573	0.1149932633134146
0.0982779342	0.114536553	0.000137122104	0.11547883615869932
0.0988979068	0.118862428	0.000138797285	0.11594652299026006
0.0995178793	0.115587379	0.000136902901	0.11639624388737768
0.100137852	0.116026362	0.000135550599	0.11682792549145617
0.100757824	0.116596201	0.000135616129	0.11724149981667006
0.101377797	0.117089556	0.000135674962	0.11763690678416007
0.101997769	0.11699544	0.000134653685	0.11801409008856488
0.102617742	0.117462124	0.000134421338	0.11837300207296605
0.103237715	0.11780138	0.000134660473	0.11871359938099289
0.103857687	0.118140641	0.000134145131	0.11903584489705599
0.10447766	0.118299918	0.000134257443	0.11933970915279664
0.105097632	0.118543933	0.000134594525	0.1196251667407451
0.105717605	0.118748282	0.000133166176	0.1198922002110167
0.106337577	0.118826576	0.000132907185	0.12014079636177195
0.10695755	0.119141544	0.00013298801	0.12037094965662541
0.107577522	0.119443135	0.000132338484	0.12058265898657329
0.108197495	0.119392101	0.000132010824	0.12077593060753262
0.108817468	0.119749071	0.000132102065	0.12095077564129475
0.10943744	0.119670089	0.000130808834	0.12110721119739962
0.110057413	0.119702746	0.000130498167	0.12124526095810136
0.110677385	0.119972657	0.000131312867	0.12136495344595671
0.111297358	0.120129381	0.000129935875	0.1214663237632434
0.11191733	0.119879157	0.00012964885	0.12154941200313477
0.112537303	0.120292695	0.000129755251	0.12161426451210254
0.113157275	0.120236775	0.000128893461	0.12166093276958795
0.113777248	0.120320539	0.000128614281	0.12168947417556666
0.11439722	0.120326515	0.00012955587	0.12169995139643844
0.115017193	0.120114148	0.000130352579	0.12169243268052149
0.115637166	0.12042804	0.000130423495	0.12166699161186376
0.116257138	0.120179855	0.000130851124	0.12162370723425352
0.116877111	0.120017322	0.000130014551	0.12156266365322273
0.117497083	0.120061846	0.000130785817	0.121483950536169
0.118117056	0.119637451	0.00013137873	0.12138766226354471
0.118737028	0.119745143	0.000131353628	0.12127389888043955
0.119357001	0.119634304	0.000130679295	0.12114276478985964
0.119976973	0.119433493	0.000131477338	0.12099437015338171
0.120596946	0.119207661	0.000131192918	0.12082882913179628
0.121216918	0.11900826	0.000131290996	0.12064626172956
0.121836891	0.118710092	0.000131419371	0.12044679158859734
0.122456864	0.11868477	0.000130518462	0.12023054790852213
0.123076836	0.118028222	0.000130380112	0.11999766461115847
0.123696809	0.117943691	0.000131080807	0.11974827901676365
0.124316781	0.117686824	0.00013022883	0.11948253446348676
0.124936754	0.117545615	0.000130412635	0.11920057701271022
0.125556726	0.117201746	0.000130662465	0.11890255879811282
0.126176699	0.117060131	0.000130057167	0.11858863430834476
0.126796671	0.116458129	0.000129837142	0.11825896415012296
0.127416644	0.116018102	0.000130622196	0.11791371091619329
0.128036616	0.115720323	0.000129298658	0.11755304335459245
0.128656589	0.11529605	0.000128946241	0.11717713183028598
0.129276562	0.115005207	0.000129953821	0.11678615224961347
0.129896534	0.114610055	0.000129184158	0.11638028433788974
0.130516507	0.114231811	0.000128965605	0.11595970947863651
0.131136479	0.113662782	0.000128931313	0.11552461526703782
0.131756452	0.11310094	0.000128644457	0.1150751899951665
0.132376424	0.112666673	0.000128557534	0.11461162817496073
0.132996397	0.111967032	0.000128846716	0.11413412464965902
0.133616369	0.111587357	0.000130354169	0.11364288048258664
0.134236342	0.111297498	0.000131758969	0.1131380967049241
0.134856314	0.110760819	0.000132206381	0.11261998056033797
0.135476287	0.110135664	0.000133354977	0.11208873889954322
0.13609626	0.109756513	0.00013243483	0.11154458388248276
0.136716232	0.109122468	0.000133416599	0.11098773047049564
0.137336205	0.108774919	0.000133464257	0.1104183935431191
0.137956177	0.107941884	0.000132900592	0.1098367941403078
0.13857615	0.107339669	0.000133291275	0.10924315202176428
0.139196122	0.106692876	0.000132404889	0.10863769307405448
0.139816095	0.105931859	0.000132511105	0.1080206415556948
0.140436067	0.105635205	0.000132756443	0.10739222781154519
0.14105604	0.104982142	0.000130806075	0.1067526802153748
0.141676012	0.104026423	0.000129477548	0.10610223318002678
0.142295985	0.103394562	0.000128595045	0.10544111880941022
0.142915958	0.102695525	0.000127156179	0.10476957410124593
0.14353593	0.102166525	0.00012783978	0.10408783777797874
0.144155903	0.10150638	0.000127213719	0.10339614681486041
0.144775875	0.100817964	0.000125588968	0.10269474408000781
0.145395848	0.100056422	0.000125839035	0.10198386931353043
0.14601582	0.0991638471	0.000125385235	0.1012637680793305
0.146635793	0.0986489338	0.000123971196	0.10053468249695692
0.147255765	0.0977568762	0.000123960738	0.09979686043499869
0.147875738	0.0972414619	0.000124036433	0.0990505460083764
0.14849571	0.0964648161	0.000123568354	0.09829598900087334
0.149115683	0.0954737623	0.000124448056	0.09753343514068842
0.149735656	0.0948959763	0.000123737086	0.09676313449095333
0.150355628	0.094323629	0.000123097474	0.09598533775940528
0.150975601	0.0936059892	0.000123628968	0.09520029238356424
0.151595573	0.0924603736	0.00012308889	0.09440825124735484
0.152215546	0.0920776172	0.000122583947	0.09360946245898297
0.152835518	0.0911507165	0.00012249454	0.09280417947597264
0.153455491	0.0901953009	0.000122032293	0.09199265070679258
0.154075463	0.0893736211	0.000121671946	0.09117512980792136
0.154695436	0.0887270776	0.000123666788	0.09035186512231114
0.155315408	0.0876918197	0.000124078034	0.08952311013566863
0.155935381	0.0869316506	0.00012503393	0.08868911276484841
0.156555354	0.0861456881	0.00012579605	0.08785012460337936
0.157175326	0.085519946	0.000125178501	0.0870063968586455
0.157795299	0.0845444864	0.000126228353	0.08615817614496343
0.158415271	0.0836375708	0.00012660306	0.08530571394082488
0.159035244	0.0828576149	0.000125863907	0.08444925555924654
0.159655216	0.0822454521	0.000126670845	0.08358905106054464
0.160275189	0.0813687835	0.000127438237	0.08272534411819618
0.160895161	0.0802762632	0.000125636638	0.08185838303341039
0.161515134	0.0797569459	0.000126585976	0.08098840950938077
0.162135107	0.078427781	0.000126958036	0.08011566834524234
0.162755079	0.0779365774	0.000124482021	0.07924040318054716
0.163375052	0.0768274378	0.000122458821	0.0783628521604425
0.163995024	0.0761721097	0.000122696083	0.07748325774893727
0.164614997	0.075128859	0.000120733692	0.076601855329801
0.165234969	0.0742908122	0.000119893809	0.07571888447886055
0.165854942	0.0734787108	0.000120509614	0.07483457751749276
0.166474914	0.0725932432	0.000118878831	0.07394917083087518
0.167094887	0.0716571767	0.000117714428	0.07306289338638448
0.167714859	0.0709812503	0.000118250851	0.0721759780857584
0.168334832	0.0697737969	0.000117430493	0.07128865026054017
0.168954805	0.0691931119	0.000116149791	0.07040113761471398
0.169574777	0.0682745499	0.000116364988	0.06951366586696306
0.17019475	0.0673305381	0.000115445778	0.06862645438886554
0.170814722	0.0664751828	0.000115114017	0.06773972615931538
0.171434695	0.0657700664	0.000115773065	0.06685369625444297
0.172054667	0.0649917942	0.000113956742	0.06596858322617448
0.17267464	0.0637844179	0.00011282817	0.06508459761013455
0.173294612	0.0631377924	0.000113694258	0.06420195328619913
0.173914585	0.0621782389	0.000112633673	0.06332085601557437
0.174534557	0.0613678139	0.000111546919	0.06244151477239239
0.17515453	0.060746235	0.000112224896	0.0615641303209141
0.175774503	0.0599784689	0.000110700466	0.060688905097590944
0.176394475	0.0590542715	0.000110273152	0.059816038888414656
0.177014448	0.0578949858	0.000110949046	0.058945724570423005
0.17763442	0.0571718258	0.000109193481	0.05807815790776862
0.178254393	0.0563184149	0.000108976867	0.05721352627540458
0.178874365	0.05551399	0.000108983399	0.056352019806670456
0.179494338	0.0545869926	0.000108356138	0.05549382019330938
0.18011431	0.0538705509	0.000107178775	0.054639111757959644
0.180734283	0.0530561646	0.000108133354	0.05378807034020269
0.181354255	0.0523874436	0.000106903486	0.052940874284467865
0.181974228	0.0516568199	0.000106932425	0.05209769342150523
0.182594201	0.0507945158	0.000107282394	0.05125869861269865
0.183214173	0.0497302047	0.000105751003	0.05042405758509654
0.183834146	0.04916176	0.000104988846	0.049593930889515685
0.184454118	0.0481232664	0.000105980496	0.048768481274109564
0.185074091	0.0472403558	0.000104586987	0.04794786294342651
0.185694063	0.0468235661	0.000103621528	0.04713223217987543
0.186314036	0.045815844	0.000104269206	0.046321736728571206
0.186934008	0.0452344957	0.000103646895	0.04551652629529005
0.187553981	0.0444899175	0.000102871164	0.04471674206502908
0.188173953	0.0432938772	0.000103418351	0.04392252706868603
0.188793926	0.042881165	0.000101760001	0.043134015842916644
0.189413899	0.04207766	0.000101547364	0.042351343400457805
0.190033871	0.0411452753	0.000101963782	0.04157464132677023
0.190653844	0.0405012587	0.000100911726	0.04080403404772426
0.191273816	0.0399326028	0.000100059198	0.040039647559840005
0.191893789	0.0389391446	0.000100788505	0.039281599474271886
0.192513761	0.0383945998	9.96674724e-05	0.03853000886774397
0.193133734	0.0374754485	9.9006292e-05	0.03778498649160662
0.193753706	0.0368101415	9.95197792e-05	0.0370466444607556
0.194373679	0.0363138659	9.88531267e-05	0.03631508663374806
0.194993651	0.0355933069	9.79917858e-05	0.035590418133829675
0.195613624	0.0348664137	9.83709493e-05	0.03487273590573563
0.196233597	0.0340163874	9.74557054e-05	0.03416213692288807
0.196853569	0.0334554568	9.67543068e-05	0.033458714628217215
0.197473542	0.0326905956	9.72536422e-05	0.03276255558206197
0.198093514	0.0320607056	9.63530177e-05	0.03207374737681468
0.198713487	0.0313446798	9.60223501e-05	0.03139236965765907
0.199333459	0.0306361921	9.62944144e-05	0.030718503014807327
0.199953432	0.0300850156	9.49904191e-05	0.030052220197746553
0.200573404	0.0296537186	9.51119196e-05	0.029393594817522222
0.201193377	0.0289102883	9.49798277e-05	0.02874269275848173
0.201813349	0.0282291354	9.45526323e-05	0.028099580686676225
0.202433322	0.0275670091	9.3599326e-05	0.027464317662727597
0.203053295	0.0270267248	9.42104071e-05	0.02683696244727379
0.203673267	0.0265511154	9.32082653e-05	0.02621757034572624
0.20429324	0.0257406397	9.31957969e-05	0.025606190283881634
0.204913212	0.0252915155	9.3020272e-05	0.025002871785736284
0.205533185	0.0247305541	9.19486985e-05	0.024407657102672158
0.206153157	0.0240281893	9.16518986e-05	0.02382058901741472
0.20677313	0.0234637412	9.17613552e-05	0.023241703184219382
0.207393102	0.02299183	9.1063417e-05	0.022671035725604173
0.208013075	0.0223997411	9.09098024e-05	0.02210861578556729
0.208633047	0.0218475494	9.09389289e-05	0.021554472917074765
0.20925302	0.0213419255	9.04005785e-05	0.02100862984999594
0.209872993	0.0209467776	9.03164883e-05	0.020471108807376594
0.210492965	0.0202635345	9.01160863e-05	0.019941928790866825
0.211112938	0.0198937292	8.92491245e-05	0.019421103108810168
0.21173291	0.0191758386	8.92446561e-05	0.018908645346841977
0.212352883	0.0188439508	8.88532358e-05	0.01840456267778633
0.212972855	0.0184950378	8.88088126e-05	0.017908862505681772
0.213592828	0.0178722654	8.8158877e-05	0.01742154599366488
0.2142128	0.0175680204	8.84676735e-05	0.016942614493742614
0.214832773	0.0167040721	8.72814367e-05	0.016472063292867975
0.215452746	0.0165227739	8.7641806e-05	0.016009887089491835
0.216072718	0.0160128163	8.73473322e-05	0.015556077651365418
0.216692691	0.0157542316	8.63253922e-05	0.015110621717333394
0.217312663	0.0151082259	8.62409732e-05	0.014673506125345489
0.217932636	0.0147596649	8.63977984e-05	0.014244712102886138
0.218552608	0.0144074253	8.52194791e-05	0.013824220946955576
0.219172581	0.0139462393	8.54540568e-05	0.01341200853100696
0.219792553	0.0135059945	8.5442025e-05	0.013008050771946052
0.220412526	0.0130612975	8.47065712e-05	0.012612318352439578
0.221032498	0.01276749	8.46876563e-05	0.012224781976005211
0.221652471	0.0123186881	8.49155669e-05	0.011845407303278791
0.222272444	0.012001892	8.36454798e-05	0.011474159404257061
0.222892416	0.0117038728	8.41441856e-05	0.011111000868239431
0.223512389	0.011361963	8.40974147e-05	0.01075589015027816
0.224132361	0.0109304824	8.30747542e-05	0.010408785684436803
0.224752334	0.0106538378	8.355568e-05	0.01006964134704588
0.225372306	0.0102299502	8.35101911e-05	0.009738410982364746
0.225992279	0.0100170722	8.28937859e-05	0.00941504407281027
0.226612251	0.0097987617	8.30477563e-05	0.00909949006074398
0.227232224	0.0094501745	8.26813881e-05	0.00879169422313256
0.227852196	0.0090002492	8.21861085e-05	0.008491601791906514
0.228472169	0.0088581168	8.22046905e-05	0.00819915403028705
0.229092142	0.0084519385	8.22958175e-05	0.00791429170099132
0.229712114	0.0083105022	8.13932174e-05	0.007636953608199725
0.230332087	0.0081614798	8.16772914e-05	0.007367075360033414
0.230952059	0.0078313541	8.19521284e-05	0.0071045925196015275
0.231572032	0.0075865084	8.12282966e-05	0.006849437172014214
0.232192004	0.0072322524	8.12215586e-05	0.006601541362090513
0.232811977	0.0068283114	8.12687704e-05	0.006360833851738119
0.233431949	0.0068477829	8.04903986e-05	0.006127243369819556
0.234051922	0.0064997805	8.07298597e-05	0.0059006955562499915
0.234671894	0.006414187	8.05761863e-05	0.005681116027554838
0.235291867	0.0061580831	8.0081317e-05	0.005468427503869321
0.23591184	0.0059203076	8.05566282e-05	0.0052625523672667615
0.236531812	0.0058148062	8.01609603e-05	0.005063411600780318
0.237151785	0.0054857642	7.9940158e-05	0.004870923925249236
0.237771757	0.0053131219	8.0184265e-05	0.004685008072020874
0.23839173	0.0051499034	7.97925777e-05	0.0045055803495051925
0.239011702	0.0051373236	7.92518749e-05	0.004332557093762502
0.239631675	0.0048533224	7.96578536e-05	0.00416585240343739
0.240251647	0.0046959239	7.9135846e-05	0.004005380423827722
0.24087162	0.0043614196	7.86561998e-05	0.003851053245759906
0.241491592	0.0044615455	7.94476384e-05	0.0037027830274509294
0.242111565	0.004300651	7.92008584e-05	0.003560480052777983
0.242731538	0.0042127888	7.86319261e-05	0.0034240544799937636
0.24335151	0.0039335824	7.90936153e-05	0.003293415631543001
0.243971483	0.003756418	7.8717879e-05	0.0031684714542836298
0.244591455	0.0036494412	7.80805426e-05	0.003049130021059096
0.245211428	0.003476425	7.84924517e-05	0.0029352979669422137
0.2458314	0.0035332283	7.83175783e-05	0.00282688207879398
0.246451373	0.0033811102	7.80245822e-05	0.002723787874282701
0.247071345	0.0032727938	7.80450194e-05	0.0026259210498268846
0.247691318	0.0030915328	7.81864994e-05	0.002533186197482859
0.24831129	0.0030272778	7.78520244e-05	0.0024454881160510472
0.248931263	0.0030576041	7.8092122e-05	0.0023627306608736565
0.249551236	0.0029349652	7.79643906e-05	0.002284817801120018
0.250171208	0.0027261717	7.71760547e-05	0.002211653206574704
0.250791181	0.002763441	7.77433567e-05	0.002143139974636899
0.251411153	0.0028013204	7.7525882e-05	0.00207918148312057
0.252031126	0.0026084449	7.72656253e-05	0.002019680550384705
0.252651098	0.0025345415	7.76159924e-05	0.0019645403058186333
0.253271071	0.0021865112	7.83135259e-05	0.0019136634652634722
0.253891043	0.0024198297	7.94548311e-05	0.001866953086678166
0.254511016	0.0023535597	8.04460499e-05	0.0018243119557822037
0.255130988	0.0022862965	8.06182771e-05	0.0017856432318524304
0.255750961	0.0023406402	8.11118575e-05	0.001750849938518145
0.256370934	0.0022066845	8.17223539e-05	0.0017198354576099992
0.256990906	0.0021838201	8.14678689e-05	0.0016925033551979081
0.257610879	0.0021641067	8.23183751e-05	0.0016687573167355474
0.258230851	0.0022176398	8.30669206e-05	0.0016485014806067206
0.258850824	0.0022572205	8.28427932e-05	0.00163164016971143
0.259470796	0.0021326452	8.35860389e-05	0.0016180781916412628
0.260090769	0.0020894944	8.39391605e-05	0.0016077206578111235
0.260710741	0.0020423335	8.36860243e-05	0.0016004731959320042
0.261330714	0.0021119365	8.18796146e-05	0.0015962418517307397
0.261950686	0.0020815698	8.16147958e-05	0.00159493321857272
0.262570659	0.00201163	8.09104982e-05	0.0015964544168589239
0.263190632	0.0020189565	8.05056521e-05	0.0016007131546351976
0.263810604	0.0020764848	8.05247319e-05	0.0016076177346719927
0.264430577	0.0022112521	8.0221938e-05	0.0016170771403089532
0.265050549	0.0018799737	7.95232186e-05	0.0016290009790749264
0.265670522	0.0021550358	8.01898023e-05	0.0016432996351679983
0.266290494	0.0019629011	7.92778107e-05	0.0016598841466228084
0.266910467	0.0020744855	7.88983787e-05	0.001678666418754651
0.267530439	0.0020552011	7.90547932e-05	0.0016995590396713396
0.268150412	0.0020896519	7.90400827e-05	0.0017224755500697161
0.268770384	0.002060812	7.85799472e-05	0.0017473302016188788
0.269390357	0.0020757801	7.90092554e-05	0.001774038278581678
0.27001033	0.002211	7.880701e-05	0.0018025158508318802
0.270630302	0.0022558924	7.84781524e-05	0.0018326799062836818
0.271250275	0.0021705371	7.88312574e-05	0.0018644485339233032
0.271870247	0.0022542979	7.84912259e-05	0.001897740600243101
0.27249022	0.0022277551	7.79577915e-05	0.001932476181221954
0.273110192	0.00240731	7.90010346e-05	0.0019685761551998895
0.273730165	0.0023358334	7.81100682e-05	0.0020059626715811098
0.274350137	0.0024013381	7.80832934e-05	0.0020445587058801782
0.27497011	0.0023923673	7.86066361e-05	0.0020842885610660214
0.275590083	0.0023414413	7.83916274e-05	0.002125077455406039
0.276210055	0.0024812741	7.79820694e-05	0.0021668517194523727
0.276830028	0.0025215883	7.88618195e-05	0.002209539022994662
0.27745	0.0024774469	7.78554303e-05	0.002253067916078266
0.278069973	0.0025557786	7.77661645e-05	0.0022973683948373925
0.278689945	0.0026349484	7.83775042e-05	0.002342371355089422
0.279309918	0.002782313	7.7921444e-05	0.002388009177429701
0.27992989	0.0028355798	7.7697623e-05	0.002434215160219297
0.280549863	0.0027889165	7.82154369e-05	0.0024809241203923916
0.281169835	0.0027710853	7.77980715e-05	0.002528071809345968
0.281789808	0.0028505913	7.78471193e-05	0.002575595526038002
0.282409781	0.0029111988	7.85000451e-05	0.0026234335965474058
0.283029753	0.0028661416	7.76394248e-05	0.0026715256092585274
0.283649726	0.0029335866	7.73309767e-05	0.002719812658423652
0.284269698	0.0030861307	7.79635064e-05	0.0027682368082147368
0.284889671	0.0031209781	7.75630871e-05	0.0028167417224339124
0.285509643	0.0030870487	7.73971929e-05	0.0028652720463981972
0.286129616	0.0031490615	7.79844173e-05	0.002913774037998449
0.286749588	0.003305265	7.74751294e-05	0.0029621949467245117
0.287369561	0.00330511	7.71959586e-05	0.0030104836432489302
0.287989533	0.0032833544	7.81303199e-05	0.003058589998400735
0.288609506	0.0031997566	7.74760721e-05	0.0031064655085870476
0.289229479	0.0032996379	7.7121185e-05	0.003154062753914965
0.289849451	0.0033827647	7.75431106e-05	0.0032013356342830146
0.290469424	0.0035164672	7.7266571e-05	0.003248239596717455
0.291089396	0.0035396508	7.70694388e-05	0.0032947311030534668
0.291709369	0.0035943698	7.76438437e-05	0.0033407682341002045
0.292329341	0.0034320365	7.75352385e-05	0.003386310088630753
0.292949314	0.0036326364	7.68511088e-05	0.003431317375066488
0.293569286	0.0036061176	7.7704775e-05	0.0034757518214046353
0.294189259	0.003626484	7.68819928e-05	0.0035195767523556907
0.294809231	0.003784447	7.67302764e-05	0.0035627565122825244
0.295429204	0.0038909252	7.72462958e-05	0.003605257025861896
0.296049177	0.0038089899	7.66385074e-05	0.003647045302787491
0.296669149	0.003792036	7.64595138e-05	0.0036880896461040794
0.297289122	0.0039011576	7.68862831e-05	0.003728359839291227
0.297909094	0.0039479982	7.66062376e-05	0.003767826679040324
0.298529067	0.0039921115	7.63097398e-05	0.0038064624871802185
0.299149039	0.0040614018	7.6811979e-05	0.0038442405935701814
0.299769012	0.0038930181	7.60573225e-05	0.0038811358258656354
0.300388984	0.0040851223	7.61687589e-05	0.003917124013116922
0.301008957	0.0040840688	7.65547206e-05	0.003952182452050395
0.301628929	0.0041268919	7.59293909e-05	0.003986289432725352
0.302248902	0.0042904023	7.63524589e-05	0.004019424680135641
0.302868875	0.0039826939	7.63996357e-05	0.004051568954189304
0.303488847	0.0043144169	7.63251605e-05	0.004082704210369412
0.30410882	0.0042626725	7.60970053e-05	0.004112813731178114
0.304728792	0.0043062061	7.67152089e-05	0.0041418817662648814
0.305348765	0.0043043828	7.58801456e-05	0.004169893907934027
0.305968737	0.0042923025	7.60920862e-05	0.004196836702845392
0.30658871	0.0044633987	7.66241536e-05	0.004222697999650246
0.307208682	0.0042833183	7.59288108e-05	0.004247466587299097
0.307828655	0.0044857492	7.61081158e-05	0.004271132514166236
0.308448627	0.0044249007	7.63854253e-05	0.004293686753647826
0.3090686	0.0045387986	7.77865785e-05	0.004315121494251147
0.309688573	0.0045075075	7.8555939e-05	0.004335429864897823
0.310308545	0.0045268891	7.96794568e-05	0.0043546060363405265
0.310928518	0.0045100265	7.97525187e-05	0.004372645289569889
0.31154849	0.004448034	7.95267396e-05	0.004389543787368157
0.312168463	0.0044468854	7.87432911e-05	0.004405298790249571
0.312788435	0.0047585123	7.76151883e-05	0.004419908421342858
0.313408408	0.0046003806	7.78080153e-05	0.0044333718523283695
0.31402838	0.0045516274	7.78435855e-05	0.004445689097324587
0.314648353	0.0045997949	7.6985664e-05	0.004456861168778695
0.315268325	0.004475781	7.68528691e-05	0.00446688990045468
0.315888298	0.0046062555	7.74088443e-05	0.004475778073330984
0.316508271	0.004590831	7.6709081e-05	0.004483529279279987
0.317128243	0.0046977035	7.69875017e-05	0.004490147959180569
0.317748216	0.0046499404	7.70744834e-05	0.004495639407853089
0.318368188	0.0046677397	7.67459994e-05	0.004500009684865105
0.318988161	0.0046501045	7.67860043e-05	0.004503265666284036
0.319608133	0.0046991617	7.72947966e-05	0.004505414968941559
0.320228106	0.0046822742	7.68700856e-05	0.00450646597308992
0.320848078	0.0047600765	7.71045447e-05	0.004506427775076743
0.321468051	0.0045853377	7.70765626e-05	0.004505310181347241
0.322088023	0.0047455263	7.67856704e-05	0.004503123689147121
0.322707996	0.0047039937	7.68017457e-05	0.004499879452388176
0.323327969	0.0045590674	7.68729847e-05	0.004495589282165346
0.323947941	0.0046889054	7.67834107e-05	0.004490265623858603
0.324567914	0.0048421171	7.70439968e-05	0.004483921503832811
0.325187886	0.0046467551	7.68179357e-05	0.004476570573674557
0.325807859	0.0046424442	7.64738942e-05	0.004468227008436588
0.326427831	0.0045569977	7.70446899e-05	0.0044589055813849966
0.327047804	0.0045803191	7.69056254e-05	0.004448621536450821
0.327667776	0.0046640111	7.67733442e-05	0.004437390688417491
0.328287749	0.0045526995	7.67219971e-05	0.004425229270384119
0.328907722	0.0045883368	7.67924761e-05	0.004412154036831547
0.329527694	0.0044953726	7.65836092e-05	0.004398182196043102
0.330147667	0.0047107527	7.6994246e-05	0.004383331316057026
0.330767639	0.0045016483	7.67957102e-05	0.00436761946621627
0.331387612	0.0045412022	7.66339119e-05	0.00435106500601331
0.332007584	0.0044891239	7.69359849e-05	0.004333686768125415
0.332627557	0.0045983862	7.70364605e-05	0.004315503825470966
0.333247529	0.0045424591	7.72247906e-05	0.004296535695949881
0.333867502	0.0044615435	7.78501253e-05	0.004276802088718253
0.334487474	0.0043854709	7.77049009e-05	0.004256323129685044
0.335107447	0.0043964821	7.78623892e-05	0.004235119088045509
0.33572742	0.0043818121	7.84861164e-05	0.004213210585655844
0.336347392	0.004359644	7.8347023e-05	0.00419061848436951
0.336967365	0.0043452513	7.82543237e-05	0.004167363753084962
0.337587337	0.0042399553	7.85579957e-05	0.004143467707141779
0.33820731	0.0042397164	7.80212399e-05	0.004118951690237668
0.338827282	0.0042904639	7.81790106e-05	0.004093837364634988
0.339447255	0.0043562357	7.79362649e-05	0.0040681463771855345
0.340067227	0.0043867219	7.77643343e-05	0.004041900665650813
0.3406872	0.0042564799	7.75452668e-05	0.004015122109977613
0.341307172	0.0041899552	7.80372178e-05	0.003987832853640207
0.341927145	0.00407128	7.75985062e-05	0.003960054941322021
0.342547118	0.0041368291	7.74327277e-05	0.003931810608252442
0.34316709	0.0041447411	7.79464645e-05	0.0039031221350665293
0.343787063	0.0040773148	7.75200028e-05	0.003874011689364983
0.344407035	0.0039784714	7.75395882e-05	0.003844501635334632
0.345027008	0.0040137622	7.78076839e-05	0.0038146141425487853
0.34564698	0.0039661622	7.72820578e-05	0.0037843715511183236
0.346266953	0.0038992965	7.69937654e-05	0.0037537959709878985
0.346886925	0.0039271844	7.73883193e-05	0.003722909657073236
0.347506898	0.0039122844	7.70354613e-05	0.0036917346002209132
0.34812687	0.0039670414	7.69326521e-05	0.0036602929112056013
0.348746843	0.0037728832	7.75156225e-05	0.0036286064045148447
0.349366816	0.0037590434	7.69839602e-05	0.0035966969384470093
0.349986788	0.0037597906	7.69955371e-05	0.0035645862510595054
0.350606761	0.003649531	7.78316173e-05	0.003532295789937497
0.351226733	0.003623703	7.73268523e-05	0.003499847062530904
0.351846706	0.0037973196	7.95586212e-05	0.0034672612070149396
0.352466678	0.0036382916	8.04482596e-05	0.0034345593985158243
0.353086651	0.0036577679	8.0476115e-05	0.003401762416769492
0.353706623	0.0035347919	8.17450361e-05	0.0033688910562336117
0.354326596	0.0035993988	8.28190743e-05	0.0033359656916420472
0.354946568	0.0034675732	8.27525889e-05	0.0033030066909353925
0.355566541	0.003441155	8.34508378e-05	0.003270033979787429
0.356186514	0.0033819777	8.39636433e-05	0.0032370674031468147
0.356806486	0.0033012754	8.38814875e-05	0.003204126555581668
0.357426459	0.0033268303	8.49689785e-05	0.003171230612121688
0.358046431	0.0032431967	8.54552732e-05	0.0031383986905163105
0.358666404	0.0032849581	8.51159168e-05	0.0031056494177386694
0.359286376	0.0034057799	8.51666249e-05	0.0030730013446690786
0.359906349	0.0032415413	8.39761345e-05	0.003040472515137011
0.360526321	0.0033342193	8.27762493e-05	0.003008080878887205
0.361146294	0.0030887619	8.17695543e-05	0.0029758438641127503
0.361766266	0.0031249078	8.24094048e-05	0.002943778787768076
0.362386239	0.0030515255	8.10997929e-05	0.0029119024325137744
0.363006212	0.0030268476	8.09510695e-05	0.00288023140256075
0.363626184	0.0031578571	8.13537759e-05	0.002848781960464162
0.364246157	0.0029964123	8.07140043e-05	0.0028175698701992575
0.364866129	0.0028995915	8.05798519e-05	0.002786610745377482
0.365486102	0.0030892639	8.13593426e-05	0.00275591964102096
0.366106074	0.0028486163	7.9793403e-05	0.0027255114476711145
0.366726047	0.0028639873	8.0325146e-05	0.002695400490519255
0.367346019	0.0030651776	8.05849723e-05	0.0026656009170472885
0.367965992	0.0028727223	7.99378426e-05	0.002636126304271051
0.368585964	0.0028172402	8.01597808e-05	0.0026069900391615594
0.369205937	0.0029079638	8.06550434e-05	0.0025782049347181516
0.36982591	0.0027198658	7.94014026e-05	0.0025497835569131206
0.370445882	0.0026058441	7.9869785e-05	0.0025217380779864315
0.371065855	0.0026714579	8.03156188e-05	0.002494080140600926
0.371685827	0.0026329429	7.95475536e-05	0.0024668211704581607
0.3723058	0.0026800831	7.97996145e-05	0.0024399720173165483
0.372925772	0.0025652689	8.01490622e-05	0.0024135433047735287
0.373545745	0.0024816981	7.92102036e-05	0.0023875450823009035
0.374165717	0.0024667581	7.95107244e-05	0.002361987164899917
0.37478569	0.0026508339	7.9610199e-05	0.002336878796684364
0.375405662	0.0023238445	7.87118829e-05	0.0023122289798717843
0.376025635	0.0024537878	7.93847856e-05	0.0022880461504023258
0.376645608	0.0024072748	7.89731956e-05	0.002264338457917509
0.37726558	0.0022499346	7.83440084e-05	0.0022411136431225573
0.377885553	0.002412894	7.88365522e-05	0.0022183789292061534
0.378505525	0.0023327624	7.89820658e-05	0.0021961412827059593
0.379125498	0.0022105373	7.79548783e-05	0.002174407121071363
0.37974547	0.0023731112	7.84139727e-05	0.002153182600693156
0.380365443	0.0023417295	7.79855398e-05	0.002132473337873524
0.380985415	0.0022281997	7.79263352e-05	0.0021122846842820753
0.381605388	0.0022650741	7.81764897e-05	0.0020926214616292012
0.382225361	0.0021601965	7.85675672e-05	0.00207348819380474
0.382845333	0.002193556	7.77938239e-05	0.002054889007667838
0.383465306	0.0022082556	7.82046041e-05	0.0020368275494453514
0.384085278	0.0021860143	7.82709233e-05	0.0020193071953363553
0.384705251	0.002096859	7.78535945e-05	0.0020023308214649417
0.385325223	0.002170084	7.82809446e-05	0.001985901033137135
0.385945196	0.00212322	7.81186954e-05	0.0019700199492057764
0.386565168	0.002001013	7.77325464e-05	0.0019546894176666212
0.387185141	0.0020473974	7.8157772e-05	0.00193991081454649
0.387805113	0.0019051605	7.79135589e-05	0.0019256852457054327
0.388425086	0.0020193455	7.77630873e-05	0.0019120133603200064
0.389045059	0.0019738376	7.83047492e-05	0.0018988955180847006
0.389665031	0.001928016	7.81347062e-05	0.0018863317208830824
0.390285004	0.0018179585	7.777255e-05	0.0018743215607100671
0.390904976	0.0019007476	7.79949077e-05	0.0018628643641562853
0.391524949	0.0019430618	7.80722403e-05	0.0018519590424435654
0.392144921	0.0020387584	7.75442735e-05	0.0018416042444437551
0.392764894	0.0018990726	7.81873514e-05	0.0018317982212643232
0.393384866	0.0019386655	7.78523741e-05	0.0018225389653345942
0.394004839	0.0018997161	7.76672564e-05	0.001813824089448046
0.394624811	0.0019672472	7.82530675e-05	0.001805650951982123
0.395244784	0.0018177242	7.77437631e-05	0.001798016550270045
0.395864757	0.0017706666	7.74380089e-05	0.0017909176210330305
0.396484729	0.00178202	7.82781016e-05	0.0017843506030239562
0.397104702	0.0016658862	7.77415108e-05	0.0017783116153227989
0.397724674	0.0018724929	7.7262147e-05	0.001772796535646408
0.398344647	0.0017220836	7.79423521e-05	0.0017678009287771578
0.398964619	0.001811395	7.76378086e-05	0.001763320124238566
0.399584592	0.0018275181	7.73800844e-05	0.0017593491583603458
0.400204564	0.0018362334	7.8034876e-05	0.0017558828387779452
0.400824537	0.0018460064	7.73043442e-05	0.0017529156998705524
0.401444509	0.0016572533	7.70606898e-05	0.0017504420543179872
0.402064482	0.0018634596	7.77007723e-05	0.0017484559616216748
0.402684455	0.0017073314	7.73774338e-05	0.0017469512649364366
0.403304427	0.0017321556	7.6788857e-05	0.0017459215825703237
0.4039244	0.001754082	7.79095324e-05	0.0017453603135072543
0.404544372	0.0017001175	7.71027248e-05	0.0017452606542028163
0.405164345	0.0015345493	7.71501104e-05	0.0017456155983827425
0.405784317	0.0016610579	7.78951879e-05	0.001746417945506456
0.40640429	0.0017720357	7.75602301e-05	0.0017476603124454175
0.407024262	0.0016823748	7.73208237e-05	0.001749335130360332
0.407644235	0.001765964	7.80634267e-05	0.0017514346678679964
0.408264207	0.0017743211	7.74489304e-05	0.0017539510166932188
0.40888418	0.0018185239	7.73635427e-05	0.0017568761259143901
0.409504153	0.0017408185	7.7715371e-05	0.0017602017824525165
0.410124125	0.0017413803	7.73864589e-05	0.0017639196275550607
0.410744098	0.0017385667	7.75044132e-05	0.0017680211849014857
0.41136407	0.0016076256	7.79386369e-05	0.0017724978242806403
0.411984043	0.0016822415	7.72278002e-05	0.00177734082163332
0.412604015	0.0017026193	7.75118437e-05	0.0017825413085142702
0.413223988	0.0017880385	7.80314959e-05	0.0017880903416562823
0.41384396	0.0017561555	7.72531677e-05	0.0017939788430407404
0.414463933	0.0018579422	7.75896599e-05	0.0018001976785094605
0.415083905	0.0018400058	7.76248938e-05	0.0018067375888891188
0.415703878	0.0016415939	7.72196591e-05	0.0018135892771669734
0.416323851	0.001783077	7.74057035e-05	0.0018207433429032098
0.416943823	0.0016845732	7.78683694e-05	0.001828190318587588
0.417563796	0.0017116105	7.7131396e-05	0.0018359207147220294
0.418183768	0.0017809387	7.77739347e-05	0.0018439249413968462
0.418803741	0.0016724894	7.76991621e-05	0.0018521934147065651
0.419423713	0.0016551763	7.70611459e-05	0.0018607164602102535
0.420043686	0.0017645137	7.73844045e-05	0.0018694844261596768
0.420663658	0.0017361744	7.78357689e-05	0.0018784875801283322
0.421283631	0.0018022802	7.72536825e-05	0.0018877162285408557
0.421903603	0.0017918155	7.75028086e-05	0.001897160606957034
0.422523576	0.0017877421	7.7317863e-05	0.001906811005389168
0.423143549	0.0018756922	7.74132516e-05	0.0019166576687658031
0.423763521	0.0018879708	7.76760781e-05	0.0019266908473456557
0.424383494	0.001655383	7.77103369e-05	0.0019369008527414947
0.425003466	0.0017932621	7.7212634e-05	0.0019472779498877985
0.425623439	0.0018148501	7.74880546e-05	0.0019578124945802055
0.426243411	0.0018332309	7.74531893e-05	0.0019684948054128535
0.426863384	0.0019552564	7.729862e-05	0.001979315305311295
0.427483356	0.0018155439	7.77032935e-05	0.0019902643893314827
0.428103329	0.0019195381	7.73226922e-05	0.0020013325696792237
0.428723301	0.001913519	7.7339505e-05	0.0020125103398578276
0.429343274	0.0019222965	7.76735382e-05	0.0020237883226719247
0.429963247	0.0019488815	7.74646069e-05	0.0020351571496129216
0.430583219	0.0019133022	7.73654347e-05	0.002046607519321505
0.431203192	0.0018602381	7.75234844e-05	0.002058130258575608
0.431823164	0.0017798285	7.75822058e-05	0.0020697161975257988
0.432443137	0.0019123116	7.71396253e-05	0.002081356323004344
0.433063109	0.0019120455	7.76439344e-05	0.0020930416336641753
0.433683082	0.0018891361	7.73392606e-05	0.0021047632945681207
0.434303054	0.0018776616	7.70406598e-05	0.0021165124908058696
0.434923027	0.0020356836	7.79687511e-05	0.0021282805828959357
0.435543	0.002029166	7.75804523e-05	0.0021400589783357998
0.436162972	0.002131842	7.72867229e-05	0.0021518391923496527
0.436782945	0.0020726383	7.75336445e-05	0.002163612908812443
0.437402917	0.0019957143	7.74343529e-05	0.0021753718509926506
0.43802289	0.0019225547	7.6976274e-05	0.0021871079370113606
0.438642862	0.0019861049	7.78419233e-05	0.0021988131316379228
0.439262835	0.0021562097	7.74205873e-05	0.0022104796010130458
0.439882807	0.0019115085	7.71140396e-05	0.0022220995648830183
0.44050278	0.0021415054	7.7585089e-05	0.002233665450172568
0.441122752	0.0021352189	7.75367522e-05	0.002245169744062522
0.441742725	0.0020056825	7.71947346e-05	0.0022566051460119942
0.442362698	0.0020796679	7.79736843e-05	0.002267964440328663
0.44298267	0.0021074542	7.72781436e-05	0.002279240554969081
0.443602643	0.0020210464	7.69822491e-05	0.002290426618003191
0.444222615	0.0022235616	7.7756942e-05	0.00230151583298918
0.444842588	0.0021790916	7.74775969e-05	0.002312501625463416
0.44546256	0.0021194509	7.70277147e-05	0.0023233775019687493
0.446082533	0.0021146605	7.78786105e-05	0.002334137193709759
0.446702505	0.0022274854	7.73591346e-05	0.0023447745180798637
0.447322478	0.002396158	7.7281567e-05	0.0023552835191506423
0.44794245	0.0021274097	7.80264301e-05	0.0023656583320253556
0.448562423	0.0021936605	7.71146772e-05	0.002375893319847718
0.449182396	0.0022378036	7.72813667e-05	0.0023859829574480428
0.449802368	0.0022579031	7.90837832e-05	0.002395921883802745
0.450422341	0.0021839572	7.98995251e-05	0.002405704950154185
0.451042313	0.0021685223	8.11515482e-05	0.0024153271093834026
0.451662286	0.0021807926	8.19658525e-05	0.0024247835430526495
0.452282258	0.0022801732	8.18445684e-05	0.0024340695380031733
0.452902231	0.002255584	8.31595153e-05	0.0024431806089508876
0.453522203	0.002035168	8.3275497e-05	0.0024521123791873003
0.454142176	0.0022030245	8.26906237e-05	0.0024608606984916257
0.454762148	0.0021943846	8.31325556e-05	0.002469421528173131
0.455382121	0.0021489676	8.35003673e-05	0.0024777910540807876
0.456002094	0.0023848286	8.36036528e-05	0.0024859655892345393
0.456622066	0.0023315707	8.44044041e-05	0.0024939416166006685
0.457242039	0.0022997306	8.38486429e-05	0.00250171582610063
0.457862011	0.0024573792	8.14298004e-05	0.002509285025093376
0.458481984	0.0023920433	8.07960372e-05	0.0025166462382880004
0.459101956	0.0023144399	8.08375243e-05	0.0025237966096127917
0.459721929	0.0023610568	8.04903824e-05	0.002530733496599399
0.460341901	0.0023449592	8.01886924e-05	0.002537454377455608
0.460961874	0.002244522	8.03637743e-05	0.002543956939782005
0.461581846	0.0022883974	7.96527522e-05	0.0025502389929934416
0.462201819	0.002457764	8.02541132e-05	0.0025562985512466553
0.462821792	0.0024072138	8.02530746e-05	0.002562133760568754
0.463441764	0.0023493197	7.94641995e-05	0.0025677429297406547
0.464061737	0.0024084257	8.02420159e-05	0.0025731245545816614
0.464681709	0.0022687127	8.01711091e-05	0.0025782772542208158
0.465301682	0.0024928527	8.01440855e-05	0.002583199839133096
0.465921654	0.0023541103	8.01355887e-05	0.0025878912431816924
0.466541627	0.0024504639	8.01294376e-05	0.0025923505855743826
0.467161599	0.0024844907	7.99983367e-05	0.0025965771087013713
0.467781572	0.0023780476	8.01292447e-05	0.002600570233966114
0.468401544	0.0025605465	8.01008801e-05	0.0026043295054736506
0.469021517	0.0023504199	7.95782557e-05	0.0026078546397061354
0.46964149	0.00275405	8.31470749e-05	0.002611145480220135
0.470261462	0.002376286	7.9615856e-05	0.002614202015557433
0.470881435	0.002560193	8.00104985e-05	0.002617024390291693
0.471501407	0.0024862793	8.06800545e-05	0.0026196128693571565
0.47212138	0.0024142964	7.97153986e-05	0.002621967872307292
0.472741352	0.002441705	7.93282822e-05	0.0026240899376914323
0.473361325	0.0024728428	8.04862147e-05	0.0026259797511742726
0.473981297	0.002517221	8.0044135e-05	0.0026276381158232055
0.47460127	0.0026019487	7.99293623e-05	0.002629065974125831
0.475221242	0.0024380629	8.06750675e-05	0.002630264384162109
0.475841215	0.0025611242	8.01205888e-05	0.0026312345355706057
0.476461188	0.0025175981	8.01597639e-05	0.002631977732582753
0.47708116	0.0023464779	8.09214024e-05	0.0026324953989192643
0.477701133	0.0025770959	8.0201587e-05	0.002632789076060139
0.478321105	0.0025598542	8.00647088e-05	0.002632860415677979
0.478941078	0.002528457	8.09106776e-05	0.0026327111807824743
0.47956105	0.0024236136	8.00249107e-05	0.002632343242097611
0.480181023	0.0024809868	8.04893526e-05	0.0026317585734318286
0.480800995	0.0025275905	8.04275087e-05	0.002630959253665706
0.481420968	0.0026044294	8.04511715e-05	0.0026299474564530335
0.48204094	0.0025584465	8.058135e-05	0.002628725457725922
0.482660913	0.0025649354	8.11580402e-05	0.0026272956198425956
0.483280886	0.0025081131	8.03155817e-05	0.0026256604017045144
0.483900858	0.0025379269	8.05903135e-05	0.0026238223514858626
0.484520831	0.0023695	8.0785169e-05	0.002621784093386762
0.485140803	0.0025565179	8.02726797e-05	0.0026195483463179324
0.485760776	0.0023842199	8.09339759e-05	0.002617117894735784
0.486380748	0.0025969145	8.07714276e-05	0.0026144956145790575
0.487000721	0.0024804623	8.05064478e-05	0.0026116844390304357
0.487620693	0.0024169602	8.08780638e-05	0.0026086873894299372
0.488240666	0.0026736918	8.10456504e-05	0.002605507536118923
0.488860638	0.002418825	8.09751669e-05	0.002602148034186389
0.489480611	0.0024739527	8.12027861e-05	0.0025986120795584732
0.490100584	0.002451961	8.09436273e-05	0.0025949029433058072
0.490720556	0.002565113	8.11052173e-05	0.0025910239537513817
0.491340529	0.0025487385	8.12204181e-05	0.0025869784735582544
0.491960501	0.0023530378	8.14336707e-05	0.002582769941319912
0.492580474	0.0023610309	8.12022316e-05	0.002578401816518992
0.493200446	0.0023687525	8.18195935e-05	0.002573877630954888
0.493820419	0.0025093789	8.16479104e-05	0.0025692009295669106
0.494440391	0.0026108808	8.18140394e-05	0.0025643753259647958
0.495060364	0.0023558427	8.20653316e-05	0.0025594044393043584
0.495680337	0.0024539673	8.1663046e-05	0.002554291945385252
0.496300309	0.0026090209	8.20613128e-05	0.0025490415515637636
0.496920282	0.0022896785	8.24150093e-05	0.0025436569675768347
0.497540254	0.0025143099	8.20983305e-05	0.0025381419626442233
0.498160227	0.0024183863	8.1863426e-05	0.0025325002933223014
0.498780199	0.0024941694	8.25305227e-05	0.002526735771973913
0.499400172	0.0023525123	8.20081815e-05	0.002520852191359712
0.500020144	0.0025570885	8.23862758e-05	0.0025148533963847398
0.500640117	0.0023177399	8.27051836e-05	0.002508743205628321
0.501260089	0.0024058371	8.20474184e-05	0.0025025254861758737
0.501880062	0.0024152368	8.24016725e-05	0.0024962040722897056
0.502500035	0.0024924458	8.2939996e-05	0.0024897828326971706
0.503120007	0.002465546	8.21595127e-05	0.0024832656387840917
0.50373998	0.0023461755	8.28320088e-05	0.002476656329926317
0.504359952	0.0023585073	8.33170808e-05	0.0024699587850733973
0.504979925	0.0024044525	8.27584785e-05	0.0024631768351607596
0.505599897	0.0023285512	8.31020762e-05	0.0024563143472122184
0.50621987	0.0022914848	8.3777805e-05	0.0024493751346040616
0.506839842	0.002228705	8.32010799e-05	0.0024423630433776287
0.507459815	0.0022005138	8.39131815e-05	0.002435281860557208
0.508079787	0.0023237623	8.45921658e-05	0.002428135402478161
0.50869976	0.0023376438	8.37388104e-05	0.0024209274213590854
0.509319733	0.0022661836	8.45113437e-05	0.0024136616836879427
0.509939705	0.0024642894	8.47622871e-05	0.002406341934067144
0.510559678	0.0023678191	8.48351273e-05	0.002398971857427174
0.51117965	0.0023809938	8.49252783e-05	0.0023915551599725184
0.511799623	0.0023046934	8.53340153e-05	0.002384095472253108
0.512419595	0.0022168647	8.57024765e-05	0.0023765964430334037
0.513039568	0.0021660675	8.64070288e-05	0.002369061641302143
0.51365954	0.0024180283	8.59695203e-05	0.0023614946513002316
0.514279513	0.0021757805	8.65082349e-05	0.0023538989736575536
0.514899485	0.0022303952	8.64784235e-05	0.0023462781213958693
0.515519458	0.0022550506	8.71701439e-05	0.0023386355203777755
0.516139431	0.0021758339	8.73342161e-05	0.0023309745937341742
0.516759403	0.0022357325	8.77973688e-05	0.0023232987236556715
0.517379376	0.0023232886	8.77207243e-05	0.0023156112127015226
0.517999348	0.0022575062	8.79027709e-05	0.0023079153691470534
0.518619321	0.0021982587	8.87198244e-05	0.002300214406495853
0.519239293	0.0021860247	8.83641011e-05	0.0022925115414969667
0.519859266	0.0020863688	8.85415908e-05	0.002284809893583654
0.520479238	0.0020963633	8.820695e-05	0.0022771125830827934
0.521099211	0.0020571005	8.85541559e-05	0.002269422630744986
0.521719183	0.0021492661	8.87480534e-05	0.0022617430559838973
0.522339156	0.0021681732	8.90150014e-05	0.0022540767766572396
0.522959129	0.002269094	8.92371605e-05	0.0022464266948537836
0.523579101	0.0021310922	8.93393764e-05	0.002238795658703223
0.524199074	0.0023266556	8.91597202e-05	0.0022311864247057294
0.524819046	0.0020490207	8.96703753e-05	0.0022236017429912284
0.525439019	0.002245855	8.96158064e-05	0.0022160442583892175
0.526058991	0.0021691158	8.98019074e-05	0.0022085166075663733
0.526678964	0.0021537302	8.98172939e-05	0.002201021320861303
0.527298936	0.0022104189	9.01760644e-05	0.002193560918784502
0.527918909	0.0020616177	9.02408261e-05	0.0021861378147515435
0.528538881	0.0021897994	9.03266035e-05	0.0021787544108121237
0.529158854	0.0020120679	9.05946835e-05	0.0021714130014089694
0.529778827	0.0021092718	9.07813283e-05	0.00216411585647532
0.530398799	0.0019289162	9.11166651e-05	0.0021568651850065955
0.531018772	0.0021463249	9.11683277e-05	0.002149663099962672
0.531638744	0.0020638085	9.13795971e-05	0.002142511699649144
0.532258717	0.0020683652	9.1173361e-05	0.002135412974555777
0.532878689	0.0019708806	9.14502006e-05	0.00212836889942304
0.533498662	0.0020696228	9.16132872e-05	0.002121381341501548
0.534118634	0.0018741029	9.20305361e-05	0.0021144521513216195
0.534738607	0.0020882854	9.17561003e-05	0.0021075830724720497
0.535358579	0.0021218183	9.26259771e-05	0.002100775830972654
0.535978552	0.001886301	9.23425968e-05	0.002094032046664138
0.536598525	0.001954356	9.30969572e-05	0.002087353310370513
0.537218497	0.0019847461	9.24807291e-05	0.002080741150581984
0.53783847	0.0018727801	9.28597007e-05	0.0020741970020650533
0.538458442	0.0019459143	9.31422391e-05	0.0020677222804167334
0.539078415	0.0020828486	9.3521169e-05	0.002061318297840752
0.539698387	0.0019886438	9.38498299e-05	0.002054986346933032
0.54031836	0.0020089326	9.34135278e-05	0.0020487276183387584
0.540938332	0.0018149989	9.41543297e-05	0.002042543282768063
0.541558305	0.001843542	9.42300958e-05	0.0020364344105964654
0.542178277	0.002085607	9.49371716e-05	0.0020304020520450373
0.54279825	0.0019517693	9.48954192e-05	0.0020244471587803885
0.543418223	0.001917774	9.47528076e-05	0.0020185706527847606
0.544038195	0.0019332117	9.50807929e-05	0.0020127733970802648
0.544658168	0.0018569249	9.52465284e-05	0.002007056168758904
0.54527814	0.0018749672	9.51182893e-05	0.002001419724658699
0.545898113	0.0018593348	9.56092442e-05	0.0019958647281673085
0.546518085	0.0018120173	9.5646933e-05	0.0019903918225483183
0.547138058	0.0017651184	9.57208915e-05	0.0019850015598922273
0.54775803	0.0018585175	9.5990676e-05	0.001979694472386366
0.548378003	0.0017048026	9.61573292e-05	0.0019744710034420346
0.548997976	0.0017887143	9.65241726e-05	0.0019693315686532663
0.549617948	0.0017668981	9.6424909e-05	0.0019642765302321807
0.550237921	0.002076279	9.70210637e-05	0.0019593061739062
0.550857893	0.0017540119	9.67413911e-05	0.0019544207664221208
0.551477866	0.0018611428	9.7122502e-05	0.0019496204922022909
0.552097838	0.0019040478	9.73358721e-05	0.0019449055171940172
0.552717811	0.0016163077	9.79405648e-05	0.0019402759277584755
0.553337783	0.0017633486	9.83659821e-05	0.001935731792358628
0.553957756	0.0017573527	9.81775602e-05	0.001931273102685099
0.554577728	0.0018403576	9.88553952e-05	0.0019268998331737398
0.555197701	0.0019854361	9.89641062e-05	0.0019226118843677044
0.555817674	0.0018002931	9.88123839e-05	0.001918409133550454
0.556437646	0.0017736752	9.90607077e-05	0.0019142914138899725
0.557057619	0.0017882954	9.91263017e-05	0.0019102584960689172
0.557677591	0.0016732928	9.95429972e-05	0.0019063101353844361
0.558297564	0.0018089705	9.96166759e-05	0.0019024460206663743
0.558917536	0.0018128256	9.96829966e-05	0.0018986658261986068
0.559537509	0.0017553746	9.9783354e-05	0.0018949691628342758
0.560157481	0.0017173398	9.98933747e-05	0.0018913556277654654
0.560777454	0.0018209966	0.000100574718	0.0018878247578146682
0.561397426	0.0018275472	0.000100136882	0.0018843760770688766
0.562017399	0.00163007	0.000100260651	0.0018810090523225993
0.562637372	0.0016300391	0.000100577459	0.0018777231333613428
0.563257344	0.0018317336	0.00010093362	0.0018745177367028411
0.563877317	0.0019447751	0.000101478956	0.0018713922316963465
0.564497289	0.001648096	0.000101521809	0.0018683459774165945
0.565117262	0.0018368574	0.00010202904	0.00186537828335417
0.565737234	0.0018375646	0.000102062432	0.0018624884497562828
0.566357207	0.0018076669	0.000102991161	0.001859675730354792
0.566977179	0.0016100938	0.000103577566	0.0018569393706892457
0.567597152	0.0017809607	0.000102818752	0.0018542785728330672
0.568217124	0.0016694504	0.000103596069	0.0018516925317339618
0.568837097	0.0016601175	0.000104276382	0.0018491804018960522
0.56945707	0.0018922933	0.000104574779	0.001846741327899833
0.570077042	0.0016268386	0.000104442712	0.0018443744323741488
0.570697015	0.001855768	0.000105213429	0.001842078806084665
0.571316987	0.0018212972	0.000105300132	0.001839853535377711
0.57193696	0.0018070208	0.000106081105	0.0018376976735518895
0.572556932	0.0018197741	0.000106773258	0.0018356102705741778
0.573176905	0.0015657899	0.000106773339	0.0018335903462416354
0.573796877	0.0017565682	0.000106750681	0.001831636918104435
0.57441685	0.001492608	0.000106967286	0.0018297489763659843
0.575036822	0.0017002754	0.000107450133	0.0018279255100608122
0.575656795	0.0019572614	0.000107810213	0.0018261654836398814
0.576276768	0.0016452988	0.00010857392	0.0018244678587644796
0.57689674	0.0016591143	0.000108848888	0.001822831585964489
0.577516713	0.0016084392	0.000108846383	0.001821255598097675
0.578136685	0.0016404818	0.0001095774	0.0018197388294951473
0.578756658	0.0018039358	0.000110074156	0.0018182801965186148
0.57937663	0.0016083689	0.000110492958	0.0018168786180301141
0.579996603	0.001695685	0.000110298168	0.0018155329974390477
0.580616575	0.0017185633	0.00011100479	0.0018142422416603616
0.581236548	0.0015480564	0.000111263518	0.0018130052445937113
0.58185652	0.0015082606	0.00011178672	0.0018118209046248457
0.582476493	0.0016497908	0.000112251773	0.0018106881094787886
0.583096466	0.0013868771	0.000112729021	0.0018096057506140832
0.583716438	0.0016200445	0.000113042895	0.0018085727179202728
0.584336411	0.0015133393	0.000113851181	0.0018075878958647607
0.584956383	0.0016418711	0.000114437413	0.0018066501757270962
0.585576356	0.0016843358	0.00011480315	0.0018057584436314419
0.586196328	0.0016225267	0.00011415345	0.0018049115933880774
0.586816301	0.0017928758	0.000115329705	0.001804108515695274
0.587436273	0.0016729384	0.000115446691	0.0018033481097758973
0.588056246	0.0017917022	0.000116011098	0.0018026292736905496
0.588676218	0.0017584195	0.00011663809	0.0018019509148254928
0.589296191	0.0016266058	0.000117402589	0.0018013119412593507
0.589916164	0.0017754316	0.000117750677	0.0018007112702197808
0.590536136	0.0014339263	0.000118280364	0.0018001478251393568
0.591156109	0.001758294	0.00011967074	0.0017996205338062382
0.591776081	0.0018668491	0.000120156877	0.0017991283351623706
0.592396054	0.0018019448	0.000120200557	0.0017986701730555547
0.593016026	0.0014497291	0.000120527501	0.0017982450031451087
0.593635999	0.0015451461	0.000121022549	0.0017978517875107433
0.594255971	0.0015123967	0.000121656129	0.0017974895006576713
0.594875944	0.0017377042	0.000121907976	0.001797157124928078
0.595495916	0.0016681595	0.000122182648	0.001796853655658967
0.596115889	0.0016280892	0.000123004137	0.0017965780973431215
0.596735862	0.0017326758	0.000123139973	0.001796329467612213
0.597355834	0.0017930067	0.000124096364	0.0017961067959945324
0.597975807	0.0015773934	0.00012441031	0.0017959091234368099
0.598595779	0.0017368291	0.000124445421	0.0017957355051040297
0.599215752	0.0014685173	0.000125136408	0.0017955850081898255
0.599835724	0.0015378784	0.000126344919	0.0017954567145143578
