4.54444000e-03	1.05965000e+06	5.66220000e+03
5.06979000e-03	9.29190000e+05	3.22402000e+03
5.59514000e-03	7.30804000e+05	2.50290000e+03
6.12049000e-03	5.86362000e+05	2.11928000e+03
6.64584000e-03	4.89746000e+05	1.79084000e+03
7.17119000e-03	4.17467000e+05	1.64041000e+03
7.69654000e-03	3.53755000e+05	1.41187000e+03
8.22189000e-03	3.05881000e+05	1.28741000e+03
8.74724000e-03	2.67694000e+05	1.19388000e+03
9.27259000e-03	2.35998000e+05	1.04277000e+03
9.79794000e-03	2.07139000e+05	9.63626000e+02
1.03233000e-02	1.85574000e+05	8.47422000e+02
1.08486000e-02	1.64944000e+05	7.96629000e+02
1.13740000e-02	1.47466000e+05	7.13017000e+02
1.18993000e-02	1.33251000e+05	6.71196000e+02
1.24247000e-02	1.21061000e+05	6.14708000e+02
1.29500000e-02	1.10527000e+05	6.00833000e+02
1.34754000e-02	1.00340000e+05	5.95288000e+02
1.40007000e-02	9.32283000e+04	5.60189000e+02
1.45261000e-02	8.55240000e+04	5.41887000e+02
1.50515000e-02	7.89239000e+04	5.14118000e+02
1.55768000e-02	7.27735000e+04	4.87123000e+02
1.61022000e-02	6.78653000e+04	4.91234000e+02
1.66275000e-02	6.32692000e+04	4.37837000e+02
1.71529000e-02	5.89096000e+04	4.47579000e+02
1.76782000e-02	5.59013000e+04	4.19799000e+02
1.82036000e-02	5.26930000e+04	4.10754000e+02
1.87289000e-02	4.93455000e+04	3.95945000e+02
1.92543000e-02	4.68360000e+04	3.74797000e+02
1.97796000e-02	4.38018000e+04	3.73716000e+02
2.03050000e-02	4.24180000e+04	3.54441000e+02
2.08303000e-02	3.98386000e+04	3.53202000e+02
2.13557000e-02	3.81067000e+04	3.36094000e+02
2.18810000e-02	3.60060000e+04	3.32184000e+02
2.24064000e-02	3.48427000e+04	3.24625000e+02
2.29317000e-02	3.33850000e+04	3.12126000e+02
2.34571000e-02	3.14665000e+04	3.05477000e+02
2.39824000e-02	3.03505000e+04	2.94501000e+02
2.45078000e-02	2.89707000e+04	2.96218000e+02
2.50331000e-02	2.79811000e+04	2.89590000e+02
2.55585000e-02	2.68579000e+04	2.75056000e+02
2.60838000e-02	2.53741000e+04	2.78238000e+02
2.66092000e-02	2.42040000e+04	2.63117000e+02
2.71345000e-02	2.36361000e+04	2.67640000e+02
2.76599000e-02	2.34234000e+04	2.55004000e+02
2.81852000e-02	2.16269000e+04	2.49974000e+02
2.87106000e-02	2.07413000e+04	2.52964000e+02
2.92359000e-02	1.96261000e+04	2.42597000e+02
2.97613000e-02	1.91598000e+04	2.41993000e+02
3.02866000e-02	1.89308000e+04	2.34735000e+02
3.08120000e-02	1.76109000e+04	2.28492000e+02
3.13373000e-02	1.73890000e+04	2.29091000e+02
3.18627000e-02	1.59957000e+04	2.20172000e+02
3.23880000e-02	1.63233000e+04	2.22727000e+02
3.29134000e-02	1.52720000e+04	2.11408000e+02
3.34387000e-02	1.49451000e+04	2.11709000e+02
3.39641000e-02	1.42070000e+04	2.09418000e+02
3.44894000e-02	1.38268000e+04	2.03845000e+02
3.50148000e-02	1.36330000e+04	2.06546000e+02
3.55401000e-02	1.30304000e+04	2.01650000e+02
3.60655000e-02	1.25404000e+04	2.00461000e+02
3.65908000e-02	1.24207000e+04	1.94981000e+02
3.71162000e-02	1.20441000e+04	1.91854000e+02
3.76415000e-02	1.16731000e+04	1.91850000e+02
3.81669000e-02	1.13826000e+04	1.87927000e+02
3.86922000e-02	1.11086000e+04	1.88355000e+02
3.92176000e-02	1.07429000e+04	1.82350000e+02
3.97429000e-02	1.06873000e+04	1.83873000e+02
4.02683000e-02	1.02971000e+04	1.80578000e+02
4.07936000e-02	9.92114000e+03	1.78633000e+02
4.13190000e-02	1.02263000e+04	1.79927000e+02
4.18443000e-02	9.71064000e+03	1.73799000e+02
4.23697000e-02	9.51688000e+03	1.75229000e+02
4.28950000e-02	9.18050000e+03	1.71247000e+02
4.34204000e-02	8.93522000e+03	1.69255000e+02
4.39457000e-02	8.99489000e+03	1.69050000e+02
4.44711000e-02	8.54707000e+03	1.65340000e+02
4.49964000e-02	8.71420000e+03	1.69564000e+02
4.55218000e-02	8.70827000e+03	1.62442000e+02
4.60471000e-02	8.51133000e+03	1.64834000e+02
4.65725000e-02	8.04226000e+03	1.62297000e+02
4.70978000e-02	7.94027000e+03	1.60446000e+02
4.76232000e-02	7.91353000e+03	1.61703000e+02
4.81485000e-02	7.83654000e+03	1.55319000e+02
4.86739000e-02	7.83955000e+03	1.58568000e+02
4.91992000e-02	7.60353000e+03	1.55837000e+02
4.97246000e-02	7.74656000e+03	1.55337000e+02
5.02499000e-02	7.72769000e+03	1.55556000e+02
5.07753000e-02	7.51979000e+03	1.52196000e+02
5.13006000e-02	7.27164000e+03	1.54016000e+02
5.18260000e-02	7.55164000e+03	1.52163000e+02
5.23513000e-02	7.00625000e+03	1.50362000e+02
5.28767000e-02	7.10167000e+03	1.49968000e+02
5.34020000e-02	7.17571000e+03	1.47087000e+02
5.39274000e-02	7.22318000e+03	1.51202000e+02
5.44527000e-02	7.13852000e+03	1.45525000e+02
5.49781000e-02	7.14015000e+03	1.47097000e+02
5.55034000e-02	7.25101000e+03	1.47302000e+02
5.60288000e-02	7.06676000e+03	1.43870000e+02
5.65541000e-02	7.25555000e+03	1.45270000e+02
5.70795000e-02	7.23647000e+03	1.43298000e+02
5.76049000e-02	7.03885000e+03	1.43691000e+02
5.81302000e-02	6.82468000e+03	1.41997000e+02
5.86556000e-02	7.15386000e+03	1.42699000e+02
5.91809000e-02	7.18365000e+03	1.41464000e+02
5.97063000e-02	7.00352000e+03	1.39724000e+02
6.02316000e-02	7.14244000e+03	1.41203000e+02
6.07570000e-02	7.12584000e+03	1.40420000e+02
6.12823000e-02	7.14510000e+03	1.38983000e+02
6.18077000e-02	7.19546000e+03	1.38866000e+02
6.23330000e-02	6.81535000e+03	1.36501000e+02
6.28584000e-02	7.29246000e+03	1.38942000e+02
6.33837000e-02	7.16475000e+03	1.35679000e+02
6.39091000e-02	6.91639000e+03	1.36533000e+02
6.44344000e-02	7.24916000e+03	1.35527000e+02
6.49598000e-02	6.95264000e+03	1.34720000e+02
6.54851000e-02	7.14570000e+03	1.34569000e+02
6.60105000e-02	7.24663000e+03	1.33930000e+02
6.65358000e-02	7.28683000e+03	1.34680000e+02
6.70612000e-02	7.13545000e+03	1.32310000e+02
6.75865000e-02	7.38713000e+03	1.33064000e+02
6.81119000e-02	7.09745000e+03	1.32368000e+02
6.86372000e-02	7.29503000e+03	1.31367000e+02
6.91626000e-02	7.35218000e+03	1.31926000e+02
6.96879000e-02	7.39102000e+03	1.30170000e+02
7.02133000e-02	7.37199000e+03	1.30657000e+02
7.07386000e-02	7.45069000e+03	1.30022000e+02
7.12640000e-02	7.35808000e+03	1.29232000e+02
7.17893000e-02	7.43130000e+03	1.30648000e+02
7.23147000e-02	7.71721000e+03	1.28608000e+02
7.28400000e-02	7.49987000e+03	1.29788000e+02
7.33654000e-02	7.50527000e+03	1.26902000e+02
7.38907000e-02	7.42321000e+03	1.27764000e+02
7.44161000e-02	7.60862000e+03	1.27338000e+02
7.49414000e-02	7.59173000e+03	1.26470000e+02
7.54668000e-02	7.49427000e+03	1.27160000e+02
7.59921000e-02	7.66720000e+03	1.25263000e+02
7.65175000e-02	7.46132000e+03	1.26550000e+02
7.70428000e-02	7.73040000e+03	1.25455000e+02
7.75682000e-02	7.55131000e+03	1.23947000e+02
7.80935000e-02	7.55208000e+03	1.26042000e+02
7.86189000e-02	7.84852000e+03	1.23113000e+02
7.91442000e-02	7.79498000e+03	1.24661000e+02
7.96696000e-02	7.56953000e+03	1.22568000e+02
8.01949000e-02	7.78271000e+03	1.23118000e+02
8.07203000e-02	7.72279000e+03	1.23638000e+02
8.12456000e-02	7.69598000e+03	1.21612000e+02
8.17710000e-02	7.76075000e+03	1.23108000e+02
8.22963000e-02	7.74597000e+03	1.23366000e+02
8.28217000e-02	7.47793000e+03	1.22908000e+02
8.33470000e-02	7.83879000e+03	1.24663000e+02
8.38724000e-02	7.83149000e+03	1.23703000e+02
8.43977000e-02	7.86166000e+03	1.25899000e+02
8.49231000e-02	7.70091000e+03	1.23739000e+02
8.54484000e-02	7.87503000e+03	1.25020000e+02
8.59738000e-02	7.73280000e+03	1.24684000e+02
8.64991000e-02	7.79406000e+03	1.24419000e+02
8.70245000e-02	7.88844000e+03	1.26018000e+02
8.75498000e-02	8.07423000e+03	1.24670000e+02
8.80752000e-02	7.66259000e+03	1.23631000e+02
8.86005000e-02	7.71370000e+03	1.22307000e+02
8.91259000e-02	7.82412000e+03	1.23705000e+02
8.96512000e-02	7.82495000e+03	1.26928000e+02
9.01766000e-02	7.76591000e+03	1.25832000e+02
9.07019000e-02	7.68591000e+03	1.29112000e+02
9.12273000e-02	7.60556000e+03	1.28943000e+02
9.17526000e-02	7.71356000e+03	1.30344000e+02
9.22780000e-02	7.72435000e+03	1.30460000e+02
9.28033000e-02	7.84897000e+03	1.29568000e+02
9.33287000e-02	7.87171000e+03	1.31971000e+02
9.38540000e-02	7.91185000e+03	1.31774000e+02
9.43794000e-02	8.03449000e+03	1.33572000e+02
9.49047000e-02	7.77383000e+03	1.31758000e+02
9.54301000e-02	7.61105000e+03	1.32603000e+02
9.59554000e-02	7.96965000e+03	1.34381000e+02
9.64808000e-02	7.72552000e+03	1.33405000e+02
9.70061000e-02	7.83966000e+03	1.33822000e+02
9.75315000e-02	7.98922000e+03	1.33641000e+02
9.80568000e-02	7.57420000e+03	1.35457000e+02
9.85822000e-02	7.82804000e+03	1.35768000e+02
9.91076000e-02	7.96559000e+03	1.34728000e+02
9.96329000e-02	7.80563000e+03	1.38107000e+02
1.00158000e-01	7.35214000e+03	1.30331000e+02
1.00684000e-01	7.67960000e+03	1.30673000e+02
1.01209000e-01	7.99107000e+03	1.27056000e+02
1.01734000e-01	7.82095000e+03	1.26121000e+02
1.02260000e-01	7.60437000e+03	1.25369000e+02
1.02785000e-01	7.88198000e+03	1.22422000e+02
1.03310000e-01	8.01248000e+03	1.24028000e+02
1.03836000e-01	7.73461000e+03	1.21439000e+02
1.04361000e-01	8.00889000e+03	1.22120000e+02
1.04886000e-01	7.89107000e+03	1.21468000e+02
1.05412000e-01	7.82940000e+03	1.18787000e+02
1.05937000e-01	7.62350000e+03	1.20117000e+02
1.06462000e-01	7.51816000e+03	1.16975000e+02
1.06988000e-01	7.68889000e+03	1.19082000e+02
1.07513000e-01	7.80374000e+03	1.17663000e+02
1.08039000e-01	7.89568000e+03	1.16106000e+02
1.08564000e-01	7.98548000e+03	1.17477000e+02
1.09089000e-01	7.83047000e+03	1.14907000e+02
1.09615000e-01	7.76328000e+03	1.16534000e+02
1.10140000e-01	8.00637000e+03	1.14354000e+02
1.10665000e-01	7.71534000e+03	1.14734000e+02
1.11191000e-01	7.80138000e+03	1.13974000e+02
1.11716000e-01	7.81778000e+03	1.13065000e+02
1.12241000e-01	7.77428000e+03	1.13686000e+02
1.12767000e-01	7.81023000e+03	1.11893000e+02
1.13292000e-01	7.86528000e+03	1.13045000e+02
1.13817000e-01	7.85386000e+03	1.12926000e+02
1.14343000e-01	7.69373000e+03	1.10769000e+02
1.14868000e-01	7.68797000e+03	1.11239000e+02
1.15393000e-01	7.60383000e+03	1.10916000e+02
1.15919000e-01	7.89516000e+03	1.11099000e+02
1.16444000e-01	7.85066000e+03	1.10833000e+02
1.16969000e-01	7.67597000e+03	1.09191000e+02
1.17495000e-01	8.01903000e+03	1.09851000e+02
1.18020000e-01	7.82615000e+03	1.08335000e+02
1.18546000e-01	7.96937000e+03	1.09413000e+02
1.19071000e-01	7.87397000e+03	1.09041000e+02
1.19596000e-01	7.91268000e+03	1.08420000e+02
1.20122000e-01	7.84194000e+03	1.08308000e+02
1.20647000e-01	7.76626000e+03	1.06848000e+02
1.21172000e-01	7.83431000e+03	1.07435000e+02
1.21698000e-01	7.91742000e+03	1.05981000e+02
1.22223000e-01	7.93020000e+03	1.06989000e+02
1.22748000e-01	7.89736000e+03	1.06149000e+02
1.23274000e-01	7.83212000e+03	1.04789000e+02
1.23799000e-01	7.67840000e+03	1.04745000e+02
1.24324000e-01	7.70946000e+03	1.03802000e+02
1.24850000e-01	7.71193000e+03	1.04541000e+02
1.25375000e-01	7.63150000e+03	1.03506000e+02
1.25900000e-01	7.74303000e+03	1.02743000e+02
1.26426000e-01	7.62912000e+03	1.03210000e+02
1.26951000e-01	7.80142000e+03	1.02880000e+02
1.27476000e-01	7.61481000e+03	1.02707000e+02
1.28002000e-01	7.54910000e+03	1.01570000e+02
1.28527000e-01	7.73036000e+03	1.02242000e+02
1.29053000e-01	7.67855000e+03	1.01935000e+02
1.29578000e-01	7.55231000e+03	1.02078000e+02
1.30103000e-01	7.58307000e+03	1.01592000e+02
1.30629000e-01	7.85665000e+03	1.01208000e+02
1.31154000e-01	7.72491000e+03	1.01445000e+02
1.31679000e-01	7.68612000e+03	1.01577000e+02
1.32205000e-01	7.76057000e+03	1.01571000e+02
1.32730000e-01	7.56064000e+03	1.00416000e+02
1.33255000e-01	7.51320000e+03	1.00373000e+02
1.33781000e-01	7.51912000e+03	1.00356000e+02
1.34306000e-01	7.49577000e+03	9.97280000e+01
1.34831000e-01	7.42591000e+03	9.96539000e+01
1.35357000e-01	7.41484000e+03	9.96626000e+01
1.35882000e-01	7.63759000e+03	9.93868000e+01
1.36407000e-01	7.39201000e+03	9.98700000e+01
1.36933000e-01	7.53641000e+03	9.86273000e+01
1.37458000e-01	7.46661000e+03	9.81309000e+01
1.37983000e-01	7.13418000e+03	9.81583000e+01
1.38509000e-01	7.31672000e+03	9.80357000e+01
1.39034000e-01	7.39044000e+03	9.80217000e+01
1.39560000e-01	7.42510000e+03	9.71354000e+01
1.40085000e-01	7.35863000e+03	9.71430000e+01
1.40610000e-01	7.06439000e+03	9.67115000e+01
1.41136000e-01	7.21916000e+03	9.68818000e+01
1.41661000e-01	7.22188000e+03	9.68065000e+01
1.42186000e-01	7.19165000e+03	9.58417000e+01
1.42712000e-01	7.21221000e+03	9.64076000e+01
1.43237000e-01	7.18876000e+03	9.52058000e+01
1.43762000e-01	7.11783000e+03	9.51543000e+01
1.44288000e-01	6.93549000e+03	9.53964000e+01
1.44813000e-01	6.95893000e+03	9.45978000e+01
1.45338000e-01	6.89860000e+03	9.51552000e+01
1.45864000e-01	6.95299000e+03	9.41219000e+01
1.46389000e-01	6.93522000e+03	9.42071000e+01
1.46914000e-01	6.71930000e+03	9.31803000e+01
1.47440000e-01	7.04509000e+03	9.43306000e+01
1.47965000e-01	6.92627000e+03	9.35255000e+01
1.48491000e-01	6.59373000e+03	9.23976000e+01
1.49016000e-01	6.75083000e+03	9.31826000e+01
1.49541000e-01	6.75038000e+03	9.27314000e+01
1.50067000e-01	6.66609000e+03	9.20716000e+01
1.50592000e-01	6.51162000e+03	9.16382000e+01
1.51117000e-01	6.44547000e+03	9.15567000e+01
1.51643000e-01	6.68453000e+03	9.20824000e+01
1.52168000e-01	6.67165000e+03	9.09345000e+01
1.52693000e-01	6.40438000e+03	9.14961000e+01
1.53219000e-01	6.46283000e+03	9.03858000e+01
1.53744000e-01	6.53826000e+03	9.09340000e+01
1.54269000e-01	6.44302000e+03	9.08521000e+01
1.54795000e-01	6.41736000e+03	8.98247000e+01
1.55320000e-01	6.31412000e+03	9.02469000e+01
1.55845000e-01	6.13187000e+03	8.89894000e+01
1.56371000e-01	6.32988000e+03	8.98829000e+01
1.56896000e-01	6.11375000e+03	8.92591000e+01
1.57421000e-01	6.06495000e+03	8.81606000e+01
1.57947000e-01	6.08997000e+03	8.95434000e+01
1.58472000e-01	6.05176000e+03	8.81438000e+01
1.58998000e-01	5.95013000e+03	8.83500000e+01
1.59523000e-01	6.02434000e+03	8.78062000e+01
1.60048000e-01	5.76278000e+03	8.69153000e+01
1.60574000e-01	5.85471000e+03	8.78220000e+01
1.61099000e-01	5.71736000e+03	8.69189000e+01
1.61624000e-01	5.84034000e+03	8.72330000e+01
1.62150000e-01	5.85563000e+03	8.68830000e+01
1.62675000e-01	5.64813000e+03	8.64109000e+01
1.63200000e-01	5.55473000e+03	8.66465000e+01
1.63726000e-01	5.52906000e+03	8.56473000e+01
1.64251000e-01	5.64457000e+03	8.59636000e+01
1.64776000e-01	5.63841000e+03	8.50714000e+01
1.65302000e-01	5.40966000e+03	8.60051000e+01
1.65827000e-01	5.46362000e+03	8.50410000e+01
1.66352000e-01	5.16026000e+03	8.42555000e+01
1.66878000e-01	5.24617000e+03	8.47432000e+01
1.67403000e-01	5.29688000e+03	8.42540000e+01
1.67928000e-01	5.19004000e+03	8.39594000e+01
1.68454000e-01	5.22765000e+03	8.37394000e+01
1.68979000e-01	5.05189000e+03	8.39410000e+01
1.69505000e-01	5.14034000e+03	8.39722000e+01
1.70030000e-01	5.10478000e+03	8.27498000e+01
1.70555000e-01	4.98552000e+03	8.33688000e+01
1.71081000e-01	4.93914000e+03	8.24573000e+01
1.71606000e-01	5.02820000e+03	8.30212000e+01
1.72131000e-01	4.79806000e+03	8.23080000e+01
1.72657000e-01	4.80018000e+03	8.15866000e+01
1.73182000e-01	4.83948000e+03	8.26654000e+01
1.73707000e-01	4.71542000e+03	8.26367000e+01
1.74233000e-01	4.69469000e+03	8.47418000e+01
1.74758000e-01	4.66479000e+03	8.42000000e+01
1.75283000e-01	4.57671000e+03	8.41494000e+01
1.75809000e-01	4.61527000e+03	8.43337000e+01
1.76334000e-01	4.53891000e+03	8.40803000e+01
1.76859000e-01	4.52887000e+03	8.49245000e+01
1.77385000e-01	4.39934000e+03	8.39744000e+01
1.77910000e-01	4.43223000e+03	8.42926000e+01
1.78435000e-01	4.41578000e+03	8.50515000e+01
1.78961000e-01	4.32195000e+03	8.36833000e+01
1.79486000e-01	4.29932000e+03	8.34731000e+01
1.80012000e-01	4.19020000e+03	8.11860000e+01
1.80537000e-01	4.21896000e+03	8.15209000e+01
1.81062000e-01	4.11016000e+03	8.11037000e+01
1.81588000e-01	4.07864000e+03	8.03906000e+01
1.82113000e-01	4.06627000e+03	8.07251000e+01
1.82638000e-01	4.05808000e+03	7.93059000e+01
1.83164000e-01	3.96975000e+03	8.01797000e+01
1.83689000e-01	3.97761000e+03	7.94138000e+01
1.84214000e-01	3.97695000e+03	7.91226000e+01
1.84740000e-01	3.84735000e+03	7.93397000e+01
1.85265000e-01	3.67515000e+03	7.83195000e+01
1.85790000e-01	3.75063000e+03	7.84709000e+01
1.86316000e-01	3.67578000e+03	7.77277000e+01
1.86841000e-01	3.79503000e+03	7.81260000e+01
1.87366000e-01	3.81180000e+03	7.81767000e+01
1.87892000e-01	3.40623000e+03	7.72847000e+01
1.88417000e-01	3.44335000e+03	7.78719000e+01
1.88943000e-01	3.52138000e+03	7.67938000e+01
1.89468000e-01	3.38018000e+03	7.68423000e+01
1.89993000e-01	3.53063000e+03	7.68817000e+01
1.90519000e-01	3.23142000e+03	7.61772000e+01
1.91044000e-01	3.26576000e+03	7.64305000e+01
1.91569000e-01	3.18763000e+03	7.57062000e+01
1.92095000e-01	3.20024000e+03	7.57588000e+01
1.92620000e-01	3.26450000e+03	7.54719000e+01
1.93145000e-01	3.25377000e+03	7.56347000e+01
1.93671000e-01	3.05768000e+03	7.51429000e+01
1.94196000e-01	3.03317000e+03	7.51179000e+01
1.94721000e-01	3.08117000e+03	7.49796000e+01
1.95247000e-01	2.88429000e+03	7.40338000e+01
1.95772000e-01	3.10087000e+03	7.45655000e+01
1.96297000e-01	2.95903000e+03	7.42341000e+01
1.96823000e-01	2.79561000e+03	7.36524000e+01
1.97348000e-01	3.00672000e+03	7.37650000e+01
1.97873000e-01	2.67674000e+03	7.28793000e+01
1.98399000e-01	2.77908000e+03	7.31728000e+01
1.98924000e-01	2.72987000e+03	7.27233000e+01
1.99450000e-01	2.52170000e+03	7.22216000e+01
1.99975000e-01	2.87917000e+03	7.28746000e+01
2.00500000e-01	2.62077000e+03	7.28552000e+01
2.01026000e-01	2.49566000e+03	7.45880000e+01
2.01551000e-01	2.48025000e+03	7.40507000e+01
2.02076000e-01	2.39648000e+03	7.51261000e+01
2.02602000e-01	2.39525000e+03	7.53059000e+01
2.03127000e-01	2.29121000e+03	7.57590000e+01
2.03652000e-01	2.46237000e+03	7.66918000e+01
2.04178000e-01	2.36754000e+03	7.62919000e+01
2.04703000e-01	2.32136000e+03	7.75058000e+01
2.05228000e-01	2.24515000e+03	7.70415000e+01
2.05754000e-01	2.37541000e+03	7.76026000e+01
2.06279000e-01	2.26273000e+03	7.75662000e+01
2.06804000e-01	2.03752000e+03	7.71077000e+01
2.07330000e-01	2.16101000e+03	7.86841000e+01
2.07855000e-01	2.11840000e+03	7.73874000e+01
2.08380000e-01	2.06207000e+03	7.80098000e+01
2.08906000e-01	2.14782000e+03	7.79656000e+01
2.09431000e-01	1.93039000e+03	7.81115000e+01
2.09957000e-01	2.01298000e+03	7.93692000e+01
2.10482000e-01	1.85964000e+03	7.74594000e+01
2.11007000e-01	1.90852000e+03	7.87122000e+01
2.11533000e-01	1.80215000e+03	7.77419000e+01
2.12058000e-01	1.98372000e+03	7.64220000e+01
2.12583000e-01	1.92339000e+03	7.58540000e+01
2.13109000e-01	1.85658000e+03	7.42616000e+01
2.13634000e-01	1.77526000e+03	7.50160000e+01
2.14159000e-01	1.65972000e+03	7.38222000e+01
2.14685000e-01	1.76193000e+03	7.35763000e+01
2.15210000e-01	1.69021000e+03	7.34470000e+01
2.15735000e-01	1.64510000e+03	7.26421000e+01
2.16261000e-01	1.63165000e+03	7.31709000e+01
2.16786000e-01	1.60789000e+03	7.18360000e+01
2.17311000e-01	1.60282000e+03	7.19327000e+01
2.17837000e-01	1.51845000e+03	7.14088000e+01
2.18362000e-01	1.49267000e+03	7.10101000e+01
2.18887000e-01	1.48311000e+03	7.11998000e+01
2.19413000e-01	1.38256000e+03	7.00460000e+01
2.19938000e-01	1.46496000e+03	7.01937000e+01
2.20464000e-01	1.45036000e+03	6.99958000e+01
2.20989000e-01	1.42533000e+03	7.03002000e+01
2.21514000e-01	1.24245000e+03	6.94159000e+01
2.22040000e-01	1.42671000e+03	6.95362000e+01
2.22565000e-01	1.24048000e+03	6.95519000e+01
2.23090000e-01	1.29363000e+03	6.89900000e+01
2.23616000e-01	1.17919000e+03	6.88772000e+01
2.24141000e-01	1.18329000e+03	6.87333000e+01
2.24666000e-01	1.25440000e+03	6.81777000e+01
2.25192000e-01	1.21610000e+03	6.87691000e+01
2.25717000e-01	1.21140000e+03	6.79390000e+01
2.26242000e-01	1.16751000e+03	6.85130000e+01
2.26768000e-01	1.12524000e+03	6.78010000e+01
2.27293000e-01	1.08745000e+03	6.81102000e+01
2.27818000e-01	1.07337000e+03	6.76940000e+01
2.28344000e-01	1.14064000e+03	6.74208000e+01
2.28869000e-01	9.16530000e+02	6.80046000e+01
2.29395000e-01	1.03074000e+03	6.69282000e+01
2.29920000e-01	1.02027000e+03	6.72870000e+01
2.30445000e-01	9.87110000e+02	6.74195000e+01
2.30971000e-01	1.02169000e+03	6.67761000e+01
2.31496000e-01	8.63470000e+02	6.71506000e+01
2.32021000e-01	1.04868000e+03	6.63159000e+01
2.32547000e-01	7.81690000e+02	6.67512000e+01
2.33072000e-01	8.86210000e+02	6.67129000e+01
2.33597000e-01	9.48210000e+02	6.61816000e+01
2.34123000e-01	8.39310000e+02	6.63354000e+01
2.34648000e-01	8.53760000e+02	6.55391000e+01
2.35173000e-01	7.92840000e+02	6.61771000e+01
2.35699000e-01	8.16520000e+02	6.56819000e+01
2.36224000e-01	7.00630000e+02	6.55894000e+01
2.36749000e-01	8.01300000e+02	6.57760000e+01
2.37275000e-01	8.20600000e+02	6.49094000e+01
2.37800000e-01	7.98840000e+02	6.58228000e+01
2.38325000e-01	7.02440000e+02	6.49868000e+01
2.38851000e-01	6.60830000e+02	6.51686000e+01
2.39376000e-01	6.52220000e+02	6.49973000e+01
2.39902000e-01	6.34780000e+02	6.44585000e+01
2.40427000e-01	6.10850000e+02	6.49389000e+01
2.40952000e-01	6.34030000e+02	6.39932000e+01
2.41478000e-01	5.56240000e+02	6.44903000e+01
2.42003000e-01	6.50960000e+02	6.42487000e+01
2.42528000e-01	7.29940000e+02	6.41272000e+01
2.43054000e-01	6.03630000e+02	6.42878000e+01
2.43579000e-01	5.98780000e+02	6.39238000e+01
2.44104000e-01	6.26230000e+02	6.38562000e+01
2.44630000e-01	6.24040000e+02	6.36398000e+01
2.45155000e-01	6.50510000e+02	6.36506000e+01
2.45680000e-01	4.58100000e+02	6.36027000e+01
2.46206000e-01	5.74040000e+02	6.32558000e+01
2.46731000e-01	5.83610000e+02	6.36411000e+01
2.47256000e-01	5.26370000e+02	6.30148000e+01
2.47782000e-01	4.28650000e+02	6.31715000e+01
2.48307000e-01	5.91210000e+02	6.28112000e+01
2.48832000e-01	4.50640000e+02	6.30391000e+01
2.49358000e-01	4.84890000e+02	6.27802000e+01
2.49883000e-01	4.70850000e+02	6.27782000e+01
2.50409000e-01	5.05010000e+02	6.27178000e+01
2.50934000e-01	4.97300000e+02	6.23169000e+01
2.51459000e-01	5.32550000e+02	6.25255000e+01
2.51985000e-01	4.67820000e+02	6.25529000e+01
2.52510000e-01	4.41670000e+02	6.22654000e+01
2.53035000e-01	4.36790000e+02	6.25431000e+01
2.53561000e-01	4.49990000e+02	6.15308000e+01
2.54086000e-01	3.45870000e+02	6.22944000e+01
2.54611000e-01	4.20350000e+02	6.16122000e+01
2.55137000e-01	4.28310000e+02	6.17962000e+01
2.55662000e-01	4.21620000e+02	6.18576000e+01
2.56187000e-01	3.97580000e+02	6.15403000e+01
2.56713000e-01	3.65110000e+02	6.18107000e+01
2.57238000e-01	3.91380000e+02	6.10109000e+01
2.57763000e-01	3.74000000e+02	6.14742000e+01
2.58289000e-01	3.30970000e+02	6.14938000e+01
2.58814000e-01	3.32520000e+02	6.08641000e+01
2.59339000e-01	3.38700000e+02	6.14428000e+01
2.59865000e-01	3.80760000e+02	6.09047000e+01
2.60390000e-01	3.85950000e+02	6.11123000e+01
2.60916000e-01	3.01680000e+02	6.08904000e+01
2.61441000e-01	4.90980000e+02	6.06596000e+01
2.61966000e-01	2.31980000e+02	6.07768000e+01
2.62492000e-01	2.52850000e+02	6.02153000e+01
2.63017000e-01	3.41340000e+02	6.10496000e+01
2.63542000e-01	3.38750000e+02	6.02340000e+01
2.64068000e-01	2.54440000e+02	6.03854000e+01
2.64593000e-01	3.04090000e+02	6.06048000e+01
2.65118000e-01	2.76850000e+02	5.98069000e+01
2.65644000e-01	4.11900000e+02	6.07039000e+01
2.66169000e-01	3.44250000e+02	5.97678000e+01
2.66694000e-01	2.93940000e+02	6.00680000e+01
2.67220000e-01	3.75090000e+02	5.96583000e+01
2.67745000e-01	3.52190000e+02	5.96311000e+01
2.68270000e-01	2.10480000e+02	6.00328000e+01
2.68796000e-01	3.08290000e+02	5.91162000e+01
2.69321000e-01	4.44210000e+02	5.97126000e+01
2.69847000e-01	2.77570000e+02	5.95243000e+01
2.70372000e-01	2.77100000e+02	5.89944000e+01
2.70897000e-01	3.60190000e+02	5.94108000e+01
2.71423000e-01	2.68590000e+02	5.89946000e+01
2.71948000e-01	2.09650000e+02	5.92501000e+01
2.72473000e-01	2.23020000e+02	5.88676000e+01
2.72999000e-01	2.98960000e+02	5.88292000e+01
2.73524000e-01	2.28390000e+02	5.92699000e+01
2.74049000e-01	3.37900000e+02	5.90148000e+01
2.74575000e-01	1.61620000e+02	5.90971000e+01
2.75100000e-01	2.62750000e+02	5.86736000e+01
2.75625000e-01	1.94980000e+02	5.91931000e+01
2.76151000e-01	3.43520000e+02	5.89566000e+01
2.76676000e-01	2.36160000e+02	5.88646000e+01
2.77201000e-01	3.32150000e+02	5.89456000e+01
2.77727000e-01	3.61350000e+02	5.86613000e+01
2.78252000e-01	2.93530000e+02	5.90218000e+01
2.78777000e-01	3.00440000e+02	5.88850000e+01
2.79303000e-01	2.02240000e+02	5.85753000e+01
2.79828000e-01	2.80320000e+02	5.85311000e+01
2.80354000e-01	2.64040000e+02	5.86056000e+01
2.80879000e-01	2.94950000e+02	5.90716000e+01
2.81404000e-01	4.14390000e+02	5.83740000e+01
2.81930000e-01	2.54240000e+02	5.83382000e+01
2.82455000e-01	2.52920000e+02	5.83905000e+01
2.82980000e-01	2.80720000e+02	5.82915000e+01
2.83506000e-01	2.47960000e+02	5.81777000e+01
2.84031000e-01	2.69750000e+02	5.81488000e+01
2.84556000e-01	2.84480000e+02	5.83431000e+01
2.85082000e-01	2.68470000e+02	5.80799000e+01
2.85607000e-01	1.88060000e+02	5.80701000e+01
2.86132000e-01	2.43920000e+02	5.79232000e+01
2.86658000e-01	2.12110000e+02	5.76807000e+01
2.87183000e-01	2.06840000e+02	5.80603000e+01
2.87708000e-01	2.13440000e+02	5.79159000e+01
2.88234000e-01	2.53280000e+02	5.77468000e+01
2.88759000e-01	3.01030000e+02	5.79418000e+01
2.89284000e-01	1.82260000e+02	5.75432000e+01
2.89810000e-01	2.88300000e+02	5.79042000e+01
2.90335000e-01	3.11900000e+02	5.79469000e+01
2.90861000e-01	3.66130000e+02	5.75988000e+01
2.91386000e-01	3.18440000e+02	5.78528000e+01
2.91911000e-01	3.00420000e+02	5.78461000e+01
2.92437000e-01	2.85520000e+02	5.73162000e+01
2.92962000e-01	3.34240000e+02	5.74137000e+01
2.93487000e-01	2.96660000e+02	5.74254000e+01
2.94013000e-01	2.66870000e+02	5.74132000e+01
2.94538000e-01	2.76170000e+02	5.74586000e+01
2.95063000e-01	3.27980000e+02	5.74117000e+01
2.95589000e-01	3.71120000e+02	5.74598000e+01
2.96114000e-01	2.28750000e+02	5.71662000e+01
2.96639000e-01	3.39270000e+02	5.72760000e+01
2.97165000e-01	2.10810000e+02	5.69500000e+01
2.97690000e-01	2.68490000e+02	5.70821000e+01
2.98215000e-01	2.33430000e+02	5.71486000e+01
2.98741000e-01	3.38460000e+02	5.73766000e+01
2.99266000e-01	3.24940000e+02	5.68528000e+01
2.99791000e-01	2.94650000e+02	5.70683000e+01
3.00317000e-01	2.65100000e+02	5.67430000e+01
3.00842000e-01	3.37580000e+02	5.71697000e+01
3.01368000e-01	3.55440000e+02	5.66815000e+01
3.01893000e-01	2.89590000e+02	5.67597000e+01
3.02418000e-01	3.49110000e+02	5.68961000e+01
3.02944000e-01	3.23670000e+02	5.65240000e+01
3.03469000e-01	3.63100000e+02	5.69121000e+01
3.03994000e-01	2.80870000e+02	5.65678000e+01
3.04520000e-01	2.91370000e+02	5.63618000e+01
3.05045000e-01	3.76510000e+02	5.67484000e+01
3.05570000e-01	2.31390000e+02	5.64455000e+01
3.06096000e-01	2.99060000e+02	5.66240000e+01
3.06621000e-01	2.83600000e+02	5.63928000e+01
3.07146000e-01	3.41220000e+02	5.63644000e+01
3.07672000e-01	4.06420000e+02	5.68543000e+01
3.08197000e-01	4.08430000e+02	5.60242000e+01
3.08722000e-01	3.07970000e+02	5.63747000e+01
3.09248000e-01	4.88210000e+02	5.61772000e+01
3.09773000e-01	3.17220000e+02	5.62418000e+01
3.10299000e-01	4.11240000e+02	5.62237000e+01
3.10824000e-01	3.77770000e+02	5.60093000e+01
3.11349000e-01	2.98690000e+02	5.63031000e+01
3.11875000e-01	3.36040000e+02	5.62094000e+01
3.12400000e-01	3.69170000e+02	5.72243000e+01
3.12925000e-01	2.97210000e+02	5.75909000e+01
3.13451000e-01	3.63650000e+02	5.79978000e+01
3.13976000e-01	5.10730000e+02	5.88560000e+01
3.14501000e-01	3.12430000e+02	5.83381000e+01
3.15027000e-01	3.35080000e+02	5.91059000e+01
3.15552000e-01	3.63160000e+02	5.87173000e+01
3.16077000e-01	2.65260000e+02	5.91098000e+01
3.16603000e-01	4.10780000e+02	5.98527000e+01
3.17128000e-01	3.85960000e+02	5.93235000e+01
3.17653000e-01	3.70830000e+02	6.01646000e+01
3.18179000e-01	2.45760000e+02	5.95730000e+01
3.18704000e-01	4.35240000e+02	6.03578000e+01
3.19229000e-01	3.89340000e+02	6.03385000e+01
3.19755000e-01	3.69820000e+02	6.02630000e+01
3.20280000e-01	3.70700000e+02	6.09981000e+01
3.20806000e-01	3.54370000e+02	6.05920000e+01
3.21331000e-01	3.85880000e+02	6.10212000e+01
3.21856000e-01	3.45150000e+02	6.09516000e+01
3.22382000e-01	4.76780000e+02	6.07597000e+01
3.22907000e-01	3.63470000e+02	6.09388000e+01
3.23432000e-01	2.68020000e+02	5.94007000e+01
3.23958000e-01	3.73020000e+02	5.91737000e+01
3.24483000e-01	3.75140000e+02	5.88460000e+01
3.25008000e-01	4.90470000e+02	5.83362000e+01
3.25534000e-01	3.67930000e+02	5.86725000e+01
3.26059000e-01	5.02150000e+02	5.81344000e+01
3.26584000e-01	3.76380000e+02	5.79926000e+01
3.27110000e-01	3.37310000e+02	5.77325000e+01
3.27635000e-01	4.03060000e+02	5.80816000e+01
3.28160000e-01	3.42790000e+02	5.74003000e+01
3.28686000e-01	3.77460000e+02	5.74139000e+01
3.29211000e-01	3.80610000e+02	5.75434000e+01
3.29736000e-01	4.26140000e+02	5.71768000e+01
3.30262000e-01	3.96080000e+02	5.73133000e+01
3.30787000e-01	4.53070000e+02	5.70963000e+01
3.31313000e-01	4.26090000e+02	5.68702000e+01
3.31838000e-01	4.76430000e+02	5.69136000e+01
3.32363000e-01	3.59650000e+02	5.69993000e+01
3.32889000e-01	5.00180000e+02	5.70193000e+01
3.33414000e-01	4.82510000e+02	5.66564000e+01
3.33939000e-01	4.55300000e+02	5.70899000e+01
3.34465000e-01	3.65290000e+02	5.66189000e+01
3.34990000e-01	4.02880000e+02	5.64701000e+01
3.35515000e-01	4.14630000e+02	5.67777000e+01
3.36041000e-01	4.61840000e+02	5.64497000e+01
3.36566000e-01	3.32800000e+02	5.66034000e+01
3.37091000e-01	3.62260000e+02	5.64474000e+01
3.37617000e-01	3.84400000e+02	5.62902000e+01
3.38142000e-01	4.11520000e+02	5.66878000e+01
3.38667000e-01	3.88820000e+02	5.59399000e+01
3.39193000e-01	3.90980000e+02	5.64556000e+01
3.39718000e-01	5.01980000e+02	5.61499000e+01
3.40243000e-01	4.02220000e+02	5.61936000e+01
3.40769000e-01	3.62920000e+02	5.62453000e+01
3.41294000e-01	4.52590000e+02	5.59415000e+01
3.41820000e-01	3.74970000e+02	5.61902000e+01
3.42345000e-01	3.12560000e+02	5.56979000e+01
3.42870000e-01	5.01430000e+02	5.60675000e+01
3.43396000e-01	3.47190000e+02	5.60337000e+01
3.43921000e-01	4.53810000e+02	5.56295000e+01
3.44446000e-01	5.18760000e+02	5.59424000e+01
3.44972000e-01	4.53360000e+02	5.53802000e+01
3.45497000e-01	4.53560000e+02	5.60854000e+01
3.46022000e-01	3.47470000e+02	5.53079000e+01
3.46548000e-01	4.25530000e+02	5.57190000e+01
3.47073000e-01	3.49480000e+02	5.54562000e+01
3.47598000e-01	3.49860000e+02	5.53248000e+01
3.48124000e-01	4.08160000e+02	5.56546000e+01
3.48649000e-01	2.79980000e+02	5.51955000e+01
3.49174000e-01	4.03720000e+02	5.54699000e+01
3.49700000e-01	4.04840000e+02	5.53853000e+01
3.50225000e-01	3.24010000e+02	5.55032000e+01
3.50751000e-01	2.82400000e+02	5.56052000e+01
3.51276000e-01	3.80330000e+02	5.51245000e+01
3.51801000e-01	3.73160000e+02	5.55109000e+01
3.52327000e-01	4.20940000e+02	5.53645000e+01
3.52852000e-01	4.26300000e+02	5.55253000e+01
3.53377000e-01	3.94710000e+02	5.55687000e+01
3.53903000e-01	4.46520000e+02	5.50822000e+01
3.54428000e-01	4.47170000e+02	5.54406000e+01
3.54953000e-01	4.51940000e+02	5.50514000e+01
3.55479000e-01	4.76890000e+02	5.53863000e+01
3.56004000e-01	3.64390000e+02	5.51318000e+01
3.56529000e-01	3.33660000e+02	5.50189000e+01
3.57055000e-01	3.66370000e+02	5.52866000e+01
3.57580000e-01	4.27120000e+02	5.50203000e+01
3.58105000e-01	3.17660000e+02	5.51191000e+01
3.58631000e-01	4.10600000e+02	5.54739000e+01
3.59156000e-01	3.96430000e+02	5.48929000e+01
3.59681000e-01	4.10200000e+02	5.54477000e+01
3.60207000e-01	4.41780000e+02	5.47944000e+01
3.60732000e-01	4.80310000e+02	5.54181000e+01
3.61258000e-01	3.37970000e+02	5.49732000e+01
3.61783000e-01	3.62950000e+02	5.50706000e+01
3.62308000e-01	3.24220000e+02	5.51480000e+01
3.62834000e-01	3.75950000e+02	5.48218000e+01
3.63359000e-01	3.45960000e+02	5.54342000e+01
3.63884000e-01	3.73300000e+02	5.47493000e+01
3.64410000e-01	4.03710000e+02	5.50229000e+01
3.64935000e-01	3.54210000e+02	5.52805000e+01
3.65460000e-01	3.23800000e+02	5.51153000e+01
3.65986000e-01	3.92840000e+02	5.53443000e+01
3.66511000e-01	3.34280000e+02	5.45552000e+01
3.67036000e-01	3.34400000e+02	5.52421000e+01
3.67562000e-01	3.79530000e+02	5.52938000e+01
3.68087000e-01	3.53790000e+02	5.51247000e+01
3.68612000e-01	4.39590000e+02	5.53981000e+01
3.69138000e-01	2.48030000e+02	5.49249000e+01
3.69663000e-01	2.66280000e+02	5.55804000e+01
3.70188000e-01	3.93580000e+02	5.50729000e+01
3.70714000e-01	3.30100000e+02	5.53535000e+01
3.71239000e-01	3.21770000e+02	5.55410000e+01
3.71765000e-01	2.40240000e+02	5.49861000e+01
3.72290000e-01	3.75360000e+02	5.56600000e+01
3.72815000e-01	3.11920000e+02	5.48457000e+01
3.73341000e-01	3.10610000e+02	5.53860000e+01
3.73866000e-01	3.25670000e+02	5.52663000e+01
3.74391000e-01	4.62300000e+02	5.54949000e+01
3.74917000e-01	2.80440000e+02	5.53244000e+01
3.75442000e-01	2.00670000e+02	5.48279000e+01
3.75967000e-01	4.04860000e+02	5.55649000e+01
3.76493000e-01	3.27060000e+02	5.52605000e+01
3.77018000e-01	3.02230000e+02	5.52071000e+01
3.77543000e-01	3.49580000e+02	5.52144000e+01
3.78069000e-01	3.03160000e+02	5.48516000e+01
3.78594000e-01	2.05380000e+02	5.53085000e+01
3.79119000e-01	3.85640000e+02	5.52437000e+01
3.79645000e-01	2.89430000e+02	5.50190000e+01
3.80170000e-01	2.62230000e+02	5.53228000e+01
3.80695000e-01	4.03370000e+02	5.52319000e+01
3.81221000e-01	3.52480000e+02	5.55981000e+01
3.81746000e-01	3.73650000e+02	5.48519000e+01
3.82272000e-01	4.00590000e+02	5.52630000e+01
3.82797000e-01	3.37310000e+02	5.52205000e+01
3.83322000e-01	3.23010000e+02	5.53160000e+01
3.83848000e-01	2.85650000e+02	5.51245000e+01
3.84373000e-01	3.19750000e+02	5.51272000e+01
3.84898000e-01	2.50740000e+02	5.52652000e+01
3.85424000e-01	1.27060000e+02	5.48920000e+01
3.85949000e-01	2.93310000e+02	5.53707000e+01
3.86474000e-01	2.61990000e+02	5.49140000e+01
3.87000000e-01	2.78660000e+02	5.51835000e+01
3.87525000e-01	2.84540000e+02	5.54606000e+01
3.88050000e-01	3.50130000e+02	5.48511000e+01
3.88576000e-01	1.60450000e+02	5.52057000e+01
3.89101000e-01	3.88350000e+02	5.52263000e+01
3.89626000e-01	3.58440000e+02	5.53506000e+01
3.90152000e-01	2.07070000e+02	5.53578000e+01
3.90677000e-01	2.61120000e+02	5.48258000e+01
3.91203000e-01	2.62680000e+02	5.54009000e+01
3.91728000e-01	3.15320000e+02	5.49902000e+01
3.92253000e-01	3.36460000e+02	5.56182000e+01
3.92779000e-01	2.28040000e+02	5.50254000e+01
3.93304000e-01	3.33550000e+02	5.48152000e+01
3.93829000e-01	2.98140000e+02	5.54334000e+01
3.94355000e-01	2.57670000e+02	5.48036000e+01
3.94880000e-01	2.87390000e+02	5.51952000e+01
3.95405000e-01	2.00990000e+02	5.50017000e+01
3.95931000e-01	2.62500000e+02	5.49430000e+01
3.96456000e-01	1.56080000e+02	5.53557000e+01
3.96981000e-01	1.92090000e+02	5.46124000e+01
3.97507000e-01	2.22280000e+02	5.51529000e+01
3.98032000e-01	3.52890000e+02	5.47789000e+01
3.98557000e-01	2.40900000e+02	5.47606000e+01
3.99083000e-01	2.92560000e+02	5.50164000e+01
3.99608000e-01	1.64810000e+02	5.42907000e+01
4.00133000e-01	2.95120000e+02	5.50590000e+01
4.00659000e-01	2.30930000e+02	5.44515000e+01
4.01184000e-01	2.14490000e+02	5.49745000e+01
4.01710000e-01	1.63490000e+02	5.46626000e+01
4.02235000e-01	2.12360000e+02	5.43888000e+01
4.02760000e-01	2.16370000e+02	5.49429000e+01
4.03286000e-01	2.01610000e+02	5.44168000e+01
4.03811000e-01	2.38540000e+02	5.47592000e+01
4.04336000e-01	3.06370000e+02	5.42667000e+01
4.04862000e-01	2.23610000e+02	5.46363000e+01
4.05387000e-01	1.68120000e+02	5.49940000e+01
4.05912000e-01	2.38920000e+02	5.42721000e+01
4.06438000e-01	2.39420000e+02	5.46457000e+01
4.06963000e-01	2.14810000e+02	5.45120000e+01
4.07488000e-01	2.41590000e+02	5.47628000e+01
4.08014000e-01	1.84540000e+02	5.48533000e+01
4.08539000e-01	1.62810000e+02	5.44430000e+01
4.09064000e-01	2.35260000e+02	5.49050000e+01
4.09590000e-01	2.38810000e+02	5.44589000e+01
4.10115000e-01	2.36760000e+02	5.48143000e+01
4.10640000e-01	2.34910000e+02	5.45234000e+01
4.11166000e-01	3.06370000e+02	5.44002000e+01
4.11691000e-01	1.64570000e+02	5.46556000e+01
4.12217000e-01	2.10050000e+02	5.44207000e+01
4.12742000e-01	2.05520000e+02	5.47477000e+01
4.13267000e-01	1.22380000e+02	5.41421000e+01
4.13793000e-01	1.39810000e+02	5.46165000e+01
4.14318000e-01	2.07720000e+02	5.47857000e+01
4.14843000e-01	1.90160000e+02	5.42519000e+01
4.15369000e-01	2.63150000e+02	5.48637000e+01
4.15894000e-01	1.74980000e+02	5.40021000e+01
4.16419000e-01	2.91050000e+02	5.49917000e+01
4.16945000e-01	1.92760000e+02	5.45633000e+01
4.17470000e-01	2.15060000e+02	5.42734000e+01
4.17995000e-01	1.64870000e+02	5.48758000e+01
4.18521000e-01	2.31480000e+02	5.42816000e+01
4.19046000e-01	1.07180000e+02	5.46296000e+01
4.19571000e-01	3.10690000e+02	5.44551000e+01
4.20097000e-01	2.04170000e+02	5.45274000e+01
4.20622000e-01	1.56710000e+02	5.46058000e+01
4.21147000e-01	3.57180000e+02	5.44602000e+01
4.21673000e-01	1.94190000e+02	5.46770000e+01
4.22198000e-01	2.34580000e+02	5.42815000e+01
4.22724000e-01	2.27360000e+02	5.45778000e+01
4.23249000e-01	2.82460000e+02	5.52179000e+01
4.23774000e-01	2.19780000e+02	5.54282000e+01
4.24300000e-01	2.03950000e+02	5.67008000e+01
4.24825000e-01	2.09910000e+02	5.65184000e+01
4.25350000e-01	1.38810000e+02	5.73184000e+01
4.25876000e-01	2.24740000e+02	5.74578000e+01
4.26401000e-01	3.42130000e+02	5.76406000e+01
4.26926000e-01	2.60700000e+02	5.83188000e+01
4.27452000e-01	3.34170000e+02	5.81811000e+01
4.27977000e-01	1.65500000e+02	5.89411000e+01
4.28502000e-01	1.68750000e+02	5.85000000e+01
4.29028000e-01	3.85140000e+02	5.91452000e+01
4.29553000e-01	1.90280000e+02	5.95532000e+01
4.30078000e-01	2.66180000e+02	5.94772000e+01
4.30604000e-01	2.12130000e+02	5.99139000e+01
4.31129000e-01	1.99980000e+02	5.94011000e+01
4.31654000e-01	1.94670000e+02	6.03098000e+01
4.32180000e-01	2.72450000e+02	6.03881000e+01
4.32705000e-01	2.37940000e+02	5.99023000e+01
4.33231000e-01	1.64130000e+02	6.07033000e+01
4.33756000e-01	1.69910000e+02	6.05021000e+01
4.34281000e-01	3.55360000e+02	6.06734000e+01
4.34807000e-01	2.93480000e+02	5.92834000e+01
4.35332000e-01	2.84560000e+02	5.88099000e+01
4.35857000e-01	2.36010000e+02	5.85746000e+01
4.36383000e-01	3.23950000e+02	5.85263000e+01
4.36908000e-01	1.40570000e+02	5.80120000e+01
4.37433000e-01	3.08940000e+02	5.77600000e+01
4.37959000e-01	1.48100000e+02	5.78556000e+01
4.38484000e-01	2.62380000e+02	5.76032000e+01
4.39009000e-01	2.46740000e+02	5.75553000e+01
4.39535000e-01	3.12740000e+02	5.79786000e+01
4.40060000e-01	2.74900000e+02	5.73852000e+01
4.40585000e-01	2.54880000e+02	5.78804000e+01
4.41111000e-01	2.61380000e+02	5.77881000e+01
4.41636000e-01	1.78380000e+02	5.73429000e+01
4.42162000e-01	2.68610000e+02	5.76337000e+01
4.42687000e-01	2.98950000e+02	5.78667000e+01
4.43212000e-01	2.67070000e+02	5.79103000e+01
4.43738000e-01	2.15180000e+02	5.74414000e+01
4.44263000e-01	2.39690000e+02	5.73019000e+01
4.44788000e-01	3.53120000e+02	5.78121000e+01
4.45314000e-01	2.24490000e+02	5.74266000e+01
4.45839000e-01	2.32180000e+02	5.78531000e+01
4.46364000e-01	1.05520000e+02	5.72020000e+01
4.46890000e-01	2.30950000e+02	5.73680000e+01
4.47415000e-01	2.48170000e+02	5.78274000e+01
4.47940000e-01	2.67030000e+02	5.76315000e+01
4.48466000e-01	2.00550000e+02	5.76856000e+01
4.48991000e-01	1.90290000e+02	5.72802000e+01
4.49516000e-01	2.29170000e+02	5.78114000e+01
4.50042000e-01	2.02110000e+02	5.78856000e+01
4.50567000e-01	1.46450000e+02	5.74067000e+01
4.51092000e-01	2.88900000e+02	5.79391000e+01
4.51618000e-01	2.10620000e+02	5.75976000e+01
4.52143000e-01	2.34330000e+02	5.79934000e+01
4.52669000e-01	3.40040000e+02	5.79412000e+01
4.53194000e-01	2.06260000e+02	5.75431000e+01
4.53719000e-01	3.35060000e+02	5.80923000e+01
4.54245000e-01	2.70080000e+02	5.79818000e+01
4.54770000e-01	2.62070000e+02	5.81879000e+01
4.55295000e-01	1.72720000e+02	5.76836000e+01
4.55821000e-01	2.02500000e+02	5.79809000e+01
4.56346000e-01	2.52080000e+02	5.80563000e+01
4.56871000e-01	2.44760000e+02	5.80812000e+01
4.57397000e-01	1.89600000e+02	5.78556000e+01
4.57922000e-01	2.50300000e+02	5.76926000e+01
4.58447000e-01	1.88220000e+02	5.81993000e+01
4.58973000e-01	2.27840000e+02	5.77502000e+01
4.59498000e-01	2.97780000e+02	5.81894000e+01
4.60023000e-01	3.32450000e+02	5.79719000e+01
4.60549000e-01	2.65450000e+02	5.78721000e+01
4.61074000e-01	2.40040000e+02	5.81581000e+01
4.61599000e-01	2.04480000e+02	5.77866000e+01
4.62125000e-01	2.53730000e+02	5.80482000e+01
4.62650000e-01	2.89240000e+02	5.79942000e+01
4.63176000e-01	2.25480000e+02	5.80224000e+01
4.63701000e-01	3.37640000e+02	5.82389000e+01
4.64226000e-01	2.56850000e+02	5.77003000e+01
4.64752000e-01	2.40850000e+02	5.80059000e+01
4.65277000e-01	1.79160000e+02	5.78354000e+01
4.65802000e-01	1.64040000e+02	5.80259000e+01
4.66328000e-01	2.60330000e+02	5.80062000e+01
4.66853000e-01	1.84570000e+02	5.73098000e+01
4.67378000e-01	3.37750000e+02	5.85339000e+01
4.67904000e-01	2.47580000e+02	5.75358000e+01
4.68429000e-01	2.09170000e+02	5.79373000e+01
4.68954000e-01	2.81650000e+02	5.79591000e+01
4.69480000e-01	2.20420000e+02	5.77665000e+01
4.70005000e-01	1.52120000e+02	5.86356000e+01
4.70530000e-01	1.97400000e+02	5.74130000e+01
4.71056000e-01	2.38480000e+02	5.81836000e+01
4.71581000e-01	1.99670000e+02	5.79205000e+01
4.72106000e-01	2.35150000e+02	5.81871000e+01
4.72632000e-01	2.70590000e+02	5.83873000e+01
4.73157000e-01	9.28400000e+01	5.77543000e+01
4.73683000e-01	1.97870000e+02	5.84105000e+01
4.74208000e-01	2.52450000e+02	5.77834000e+01
4.74733000e-01	2.26750000e+02	5.82322000e+01
4.75259000e-01	1.83400000e+02	5.81618000e+01
4.75784000e-01	3.17430000e+02	5.79589000e+01
4.76309000e-01	1.83490000e+02	5.88867000e+01
4.76835000e-01	1.53550000e+02	5.77505000e+01
4.77360000e-01	2.57150000e+02	5.83823000e+01
4.77885000e-01	1.95260000e+02	5.82683000e+01
4.78411000e-01	1.36500000e+02	5.79915000e+01
4.78936000e-01	2.88110000e+02	5.83617000e+01
4.79461000e-01	2.67600000e+02	5.77191000e+01
4.79987000e-01	2.62320000e+02	5.83207000e+01
4.80512000e-01	2.45550000e+02	5.79400000e+01
4.81037000e-01	2.06150000e+02	5.80703000e+01
4.81563000e-01	1.85480000e+02	5.80524000e+01
4.82088000e-01	1.60120000e+02	5.79388000e+01
4.82614000e-01	2.36620000e+02	5.82222000e+01
4.83139000e-01	2.63440000e+02	5.79742000e+01
4.83664000e-01	2.61260000e+02	5.81435000e+01
4.84190000e-01	2.85970000e+02	5.82050000e+01
4.84715000e-01	3.80850000e+02	5.80036000e+01
4.85240000e-01	1.72970000e+02	5.85007000e+01
4.85766000e-01	2.55240000e+02	5.81077000e+01
4.86291000e-01	2.59420000e+02	5.83276000e+01
4.86816000e-01	2.15620000e+02	5.81649000e+01
4.87342000e-01	1.94180000e+02	5.80532000e+01
4.87867000e-01	2.77860000e+02	5.86870000e+01
4.88392000e-01	1.78140000e+02	5.80714000e+01
4.88918000e-01	2.50170000e+02	5.82955000e+01
4.89443000e-01	2.08020000e+02	5.82729000e+01
4.89968000e-01	2.29190000e+02	5.84522000e+01
4.90494000e-01	2.10620000e+02	5.85524000e+01
4.91019000e-01	1.82120000e+02	5.80233000e+01
4.91544000e-01	2.37750000e+02	5.84068000e+01
4.92070000e-01	2.95240000e+02	5.85993000e+01
4.92595000e-01	3.17390000e+02	5.87163000e+01
4.93121000e-01	2.44160000e+02	5.82839000e+01
4.93646000e-01	3.57130000e+02	5.84110000e+01
4.94171000e-01	2.50690000e+02	5.88505000e+01
4.94697000e-01	3.17920000e+02	5.83899000e+01
4.95222000e-01	2.86270000e+02	5.87815000e+01
4.95747000e-01	2.65910000e+02	5.82776000e+01
4.96273000e-01	1.80780000e+02	5.85689000e+01
4.96798000e-01	2.53300000e+02	5.86146000e+01
4.97323000e-01	1.63900000e+02	5.83652000e+01
4.97849000e-01	1.76260000e+02	5.88563000e+01
4.98374000e-01	2.95670000e+02	5.84397000e+01
4.98899000e-01	2.65150000e+02	5.89968000e+01
4.99425000e-01	2.86240000e+02	5.89076000e+01
4.99950000e-01	2.33120000e+02	5.82286000e+01
5.00475000e-01	2.84830000e+02	5.88757000e+01
5.01001000e-01	2.52240000e+02	5.85456000e+01
5.01526000e-01	1.95650000e+02	5.89793000e+01
5.02051000e-01	3.99200000e+02	5.89129000e+01
5.02577000e-01	3.33900000e+02	5.87295000e+01
5.03102000e-01	2.06450000e+02	5.91925000e+01
5.03628000e-01	3.18540000e+02	5.85266000e+01
5.04153000e-01	1.95380000e+02	5.88953000e+01
5.04678000e-01	2.14380000e+02	5.89225000e+01
5.05204000e-01	2.49970000e+02	5.87412000e+01
5.05729000e-01	2.69050000e+02	5.95139000e+01
5.06254000e-01	1.77950000e+02	5.84227000e+01
5.06780000e-01	3.45090000e+02	5.90207000e+01
5.07305000e-01	1.72830000e+02	5.89131000e+01
5.07830000e-01	2.04390000e+02	5.89767000e+01
5.08356000e-01	2.19840000e+02	5.93115000e+01
5.08881000e-01	2.50610000e+02	5.87979000e+01
5.09406000e-01	3.53870000e+02	5.91118000e+01
5.09932000e-01	3.32500000e+02	5.89328000e+01
5.10457000e-01	1.90030000e+02	5.90267000e+01
5.10982000e-01	1.89830000e+02	5.89822000e+01
5.11508000e-01	1.03820000e+02	5.90248000e+01
5.12033000e-01	3.69680000e+02	5.95751000e+01
5.12558000e-01	2.19730000e+02	5.87764000e+01
5.13084000e-01	2.78710000e+02	5.91812000e+01
5.13609000e-01	2.67830000e+02	5.89085000e+01
5.14135000e-01	2.53390000e+02	5.92019000e+01
5.14660000e-01	2.46430000e+02	5.93577000e+01
5.15185000e-01	1.79160000e+02	5.91068000e+01
5.15711000e-01	2.93520000e+02	5.92557000e+01
5.16236000e-01	3.20400000e+02	5.92339000e+01
5.16761000e-01	3.55250000e+02	5.94890000e+01
5.17287000e-01	2.78410000e+02	5.92653000e+01
5.17812000e-01	1.47830000e+02	5.90248000e+01
5.18337000e-01	2.63140000e+02	5.97096000e+01
5.18863000e-01	2.67710000e+02	5.92291000e+01
5.19388000e-01	3.82020000e+02	5.96397000e+01
5.19913000e-01	2.61160000e+02	5.91685000e+01
5.20439000e-01	3.37530000e+02	5.95878000e+01
5.20964000e-01	2.62930000e+02	5.96026000e+01
5.21489000e-01	2.93660000e+02	5.92904000e+01
5.22015000e-01	1.66910000e+02	5.94014000e+01
5.22540000e-01	3.84030000e+02	5.92989000e+01
5.23066000e-01	2.59450000e+02	5.96284000e+01
5.23591000e-01	1.68600000e+02	5.97191000e+01
5.24116000e-01	2.93350000e+02	5.95240000e+01
5.24642000e-01	2.77160000e+02	5.97645000e+01
5.25167000e-01	2.66680000e+02	5.93742000e+01
5.25692000e-01	2.58260000e+02	5.97849000e+01
5.26218000e-01	3.38570000e+02	5.94743000e+01
5.26743000e-01	2.61740000e+02	5.93987000e+01
5.27268000e-01	2.76150000e+02	5.99193000e+01
5.27794000e-01	2.54040000e+02	5.94730000e+01
5.28319000e-01	2.86580000e+02	6.00858000e+01
5.28844000e-01	2.65970000e+02	5.94430000e+01
5.29370000e-01	2.87210000e+02	5.98683000e+01
5.29895000e-01	3.82200000e+02	6.01545000e+01
5.30420000e-01	1.43240000e+02	5.95130000e+01
5.30946000e-01	2.40220000e+02	5.99569000e+01
5.31471000e-01	3.22310000e+02	5.95166000e+01
5.31996000e-01	2.41220000e+02	6.00097000e+01
5.32522000e-01	3.38980000e+02	5.98105000e+01
5.33047000e-01	2.98980000e+02	5.99068000e+01
5.33573000e-01	3.33470000e+02	5.99154000e+01
5.34098000e-01	1.43930000e+02	5.94361000e+01
5.34623000e-01	1.10620000e+02	6.06473000e+01
5.35149000e-01	2.66730000e+02	6.13911000e+01
5.35674000e-01	1.62780000e+02	6.21044000e+01
5.36199000e-01	2.21160000e+02	6.32445000e+01
5.36725000e-01	2.64790000e+02	6.34905000e+01
5.37250000e-01	1.49870000e+02	6.42351000e+01
5.37775000e-01	3.43460000e+02	6.42108000e+01
5.38301000e-01	2.34540000e+02	6.46837000e+01
5.38826000e-01	2.43140000e+02	6.52020000e+01
5.39351000e-01	2.04470000e+02	6.55029000e+01
5.39877000e-01	3.01250000e+02	6.60621000e+01
5.40402000e-01	2.22410000e+02	6.61691000e+01
5.40927000e-01	2.28720000e+02	6.67281000e+01
5.41453000e-01	1.99560000e+02	6.67556000e+01
5.41978000e-01	2.17920000e+02	6.69844000e+01
5.42503000e-01	1.23590000e+02	6.73962000e+01
5.43029000e-01	2.41230000e+02	6.73972000e+01
5.43554000e-01	1.64530000e+02	6.81312000e+01
5.44080000e-01	2.30930000e+02	6.81839000e+01
5.44605000e-01	1.70700000e+02	6.85071000e+01
5.45130000e-01	1.88610000e+02	6.90835000e+01
5.45656000e-01	2.12960000e+02	6.83319000e+01
5.46181000e-01	2.06120000e+02	6.70398000e+01
5.46706000e-01	2.70120000e+02	6.56586000e+01
5.47232000e-01	2.63390000e+02	6.56921000e+01
5.47757000e-01	2.32740000e+02	6.51070000e+01
5.48282000e-01	2.65630000e+02	6.48835000e+01
5.48808000e-01	9.20800000e+01	6.42672000e+01
5.49333000e-01	7.33600000e+01	6.37348000e+01
5.49858000e-01	2.00300000e+02	6.44570000e+01
5.50384000e-01	1.91950000e+02	6.36533000e+01
5.50909000e-01	2.54760000e+02	6.39247000e+01
5.51434000e-01	1.91560000e+02	6.33457000e+01
5.51960000e-01	2.82990000e+02	6.33425000e+01
5.52485000e-01	1.95950000e+02	6.39302000e+01
5.53010000e-01	2.02290000e+02	6.29080000e+01
5.53536000e-01	1.83790000e+02	6.34011000e+01
5.54061000e-01	1.90780000e+02	6.33201000e+01
5.54587000e-01	1.61140000e+02	6.32154000e+01
5.55112000e-01	3.01810000e+02	6.36050000e+01
5.55637000e-01	2.49020000e+02	6.23820000e+01
5.56163000e-01	3.05640000e+02	6.37241000e+01
5.56688000e-01	2.07890000e+02	6.28255000e+01
5.57213000e-01	2.67300000e+02	6.31289000e+01
5.57739000e-01	2.71880000e+02	6.32600000e+01
5.58264000e-01	2.68100000e+02	6.22949000e+01
5.58789000e-01	1.55390000e+02	6.31907000e+01
5.59315000e-01	8.14700000e+01	6.26486000e+01
5.59840000e-01	2.07310000e+02	6.29435000e+01
5.60365000e-01	2.39060000e+02	6.27551000e+01
5.60891000e-01	1.55230000e+02	6.25183000e+01
5.61416000e-01	2.42360000e+02	6.33771000e+01
5.61941000e-01	2.62230000e+02	6.24217000e+01
5.62467000e-01	1.10410000e+02	6.25282000e+01
5.62992000e-01	2.51430000e+02	6.25091000e+01
5.63518000e-01	2.57950000e+02	6.25361000e+01
5.64043000e-01	3.28760000e+02	6.28105000e+01
5.64568000e-01	2.45850000e+02	6.18753000e+01
5.65094000e-01	1.99570000e+02	6.23399000e+01
5.65619000e-01	2.47900000e+02	6.26370000e+01
5.66144000e-01	2.21000000e+02	6.23132000e+01
5.66670000e-01	2.07260000e+02	6.24365000e+01
5.67195000e-01	2.03660000e+02	6.21904000e+01
5.67720000e-01	2.69330000e+02	6.25796000e+01
5.68246000e-01	2.02650000e+02	6.23985000e+01
5.68771000e-01	1.97730000e+02	6.19531000e+01
5.69296000e-01	2.77570000e+02	6.21226000e+01
5.69822000e-01	2.16090000e+02	6.23212000e+01
5.70347000e-01	3.15570000e+02	6.27759000e+01
5.70872000e-01	2.24100000e+02	6.20300000e+01
5.71398000e-01	1.68400000e+02	6.22074000e+01
5.71923000e-01	1.38740000e+02	6.21832000e+01
5.72448000e-01	1.45360000e+02	6.23817000e+01
5.72974000e-01	3.14980000e+02	6.26937000e+01
5.73499000e-01	1.68790000e+02	6.18737000e+01
5.74025000e-01	2.00200000e+02	6.26723000e+01
5.74550000e-01	1.11870000e+02	6.24126000e+01
5.75075000e-01	1.70320000e+02	6.25698000e+01
5.75601000e-01	2.18300000e+02	6.24135000e+01
5.76126000e-01	2.37980000e+02	6.27173000e+01
5.76651000e-01	2.36130000e+02	6.29195000e+01
5.77177000e-01	2.19270000e+02	6.24360000e+01
5.77702000e-01	2.18470000e+02	6.23752000e+01
5.78227000e-01	2.07200000e+02	6.21103000e+01
5.78753000e-01	1.42020000e+02	6.26473000e+01
5.79278000e-01	3.88150000e+02	6.31978000e+01
5.79803000e-01	2.53300000e+02	6.21547000e+01
5.80329000e-01	1.24130000e+02	6.24096000e+01
5.80854000e-01	1.99870000e+02	6.23637000e+01
5.81379000e-01	1.36560000e+02	6.28258000e+01
5.81905000e-01	2.19420000e+02	6.24259000e+01
5.82430000e-01	3.46350000e+02	6.25732000e+01
5.82955000e-01	1.92540000e+02	6.27734000e+01
5.83481000e-01	2.18060000e+02	6.25864000e+01
5.84006000e-01	9.05300000e+01	6.25333000e+01
5.84532000e-01	2.45690000e+02	6.21751000e+01
5.85057000e-01	2.39050000e+02	6.25174000e+01
5.85582000e-01	3.33840000e+02	6.30071000e+01
5.86108000e-01	2.57660000e+02	6.23611000e+01
5.86633000e-01	2.29680000e+02	6.30956000e+01
5.87158000e-01	2.72620000e+02	6.22841000e+01
5.87684000e-01	4.51900000e+01	6.25541000e+01
5.88209000e-01	1.77110000e+02	6.29203000e+01
5.88734000e-01	2.32690000e+02	6.24156000e+01
5.89260000e-01	1.54790000e+02	6.28502000e+01
5.89785000e-01	2.50270000e+02	6.25363000e+01
5.90310000e-01	2.24380000e+02	6.27292000e+01
5.90836000e-01	2.51630000e+02	6.24613000e+01
5.91361000e-01	1.73520000e+02	6.25489000e+01
5.91886000e-01	1.89620000e+02	6.28898000e+01
5.92412000e-01	1.10750000e+02	6.28183000e+01
5.92937000e-01	1.46360000e+02	6.27323000e+01
5.93462000e-01	1.65100000e+02	6.25235000e+01
5.93988000e-01	2.40960000e+02	6.27228000e+01
5.94513000e-01	2.12790000e+02	6.30719000e+01
5.95039000e-01	2.46470000e+02	6.24397000e+01
5.95564000e-01	2.76340000e+02	6.29240000e+01
5.96089000e-01	1.98060000e+02	6.27849000e+01
5.96615000e-01	2.61300000e+02	6.29035000e+01
5.97140000e-01	1.57120000e+02	6.29484000e+01
5.97665000e-01	2.08000000e+02	6.24084000e+01
5.98191000e-01	1.56750000e+02	6.29429000e+01
5.98716000e-01	2.66470000e+02	6.25474000e+01
5.99241000e-01	1.63590000e+02	6.29807000e+01
5.99767000e-01	2.68270000e+02	6.27573000e+01
6.00292000e-01	1.95550000e+02	6.28979000e+01
6.00817000e-01	3.16780000e+02	6.28588000e+01
6.01343000e-01	3.32960000e+02	6.28808000e+01
6.01868000e-01	1.51880000e+02	6.29374000e+01
6.02393000e-01	1.88500000e+02	6.28942000e+01
6.02919000e-01	1.51330000e+02	6.30900000e+01
6.03444000e-01	1.71000000e+02	6.28601000e+01
6.03970000e-01	2.33770000e+02	6.26652000e+01
6.04495000e-01	2.27900000e+02	6.31409000e+01
6.05020000e-01	1.67700000e+02	6.28552000e+01
6.05546000e-01	2.37390000e+02	6.29701000e+01
6.06071000e-01	1.73570000e+02	6.30777000e+01
6.06596000e-01	2.05460000e+02	6.27706000e+01
6.07122000e-01	2.26280000e+02	6.26903000e+01
6.07647000e-01	3.00650000e+02	6.27132000e+01
6.08172000e-01	2.44000000e+02	6.28273000e+01
6.08698000e-01	2.20280000e+02	6.28175000e+01
6.09223000e-01	2.49690000e+02	6.25776000e+01
6.09748000e-01	3.04100000e+02	6.29986000e+01
6.10274000e-01	2.85870000e+02	6.25128000e+01
6.10799000e-01	1.47390000e+02	6.27567000e+01
6.11324000e-01	2.02980000e+02	6.25394000e+01
6.11850000e-01	2.35410000e+02	6.28016000e+01
6.12375000e-01	2.54570000e+02	6.27236000e+01
6.12900000e-01	3.21330000e+02	6.24732000e+01
6.13426000e-01	2.41880000e+02	6.26331000e+01
6.13951000e-01	3.00050000e+02	6.24167000e+01
6.14477000e-01	1.78830000e+02	6.28722000e+01
6.15002000e-01	2.10100000e+02	6.28299000e+01
6.15527000e-01	1.55630000e+02	6.22557000e+01
6.16053000e-01	1.84080000e+02	6.26200000e+01
6.16578000e-01	2.79550000e+02	6.25408000e+01
6.17103000e-01	2.54060000e+02	6.29061000e+01
6.17629000e-01	2.90870000e+02	6.26981000e+01
6.18154000e-01	1.32320000e+02	6.25197000e+01
6.18679000e-01	2.06930000e+02	6.27500000e+01
6.19205000e-01	1.74080000e+02	6.27923000e+01
6.19730000e-01	1.80050000e+02	6.25125000e+01
6.20255000e-01	1.96220000e+02	6.24632000e+01
6.20781000e-01	5.89400000e+01	6.25129000e+01
6.21306000e-01	1.90750000e+02	6.30537000e+01
6.21831000e-01	2.21420000e+02	6.26862000e+01
6.22357000e-01	2.29020000e+02	6.26128000e+01
6.22882000e-01	2.06230000e+02	6.28759000e+01
6.23407000e-01	1.27530000e+02	6.24822000e+01
6.23933000e-01	2.31440000e+02	6.30349000e+01
6.24458000e-01	2.21180000e+02	6.24485000e+01
6.24984000e-01	2.14780000e+02	6.29299000e+01
6.25509000e-01	3.10450000e+02	6.30472000e+01
6.26034000e-01	1.04880000e+02	6.27559000e+01
6.26560000e-01	1.40680000e+02	6.25867000e+01
6.27085000e-01	1.40660000e+02	6.26996000e+01
6.27610000e-01	1.26090000e+02	6.29018000e+01
6.28136000e-01	2.35550000e+02	6.31508000e+01
6.28661000e-01	3.51970000e+02	6.29925000e+01
6.29186000e-01	2.07530000e+02	6.26544000e+01
6.29712000e-01	1.83550000e+02	6.28844000e+01
6.30237000e-01	1.97160000e+02	6.31681000e+01
6.30762000e-01	2.43780000e+02	6.32267000e+01
6.31288000e-01	2.29420000e+02	6.29470000e+01
6.31813000e-01	2.25390000e+02	6.31547000e+01
6.32338000e-01	1.69400000e+02	6.30078000e+01
6.32864000e-01	1.57580000e+02	6.28956000e+01
6.33389000e-01	2.42190000e+02	6.28519000e+01
6.33914000e-01	2.42990000e+02	6.30248000e+01
6.34440000e-01	1.65640000e+02	6.30700000e+01
6.34965000e-01	2.45740000e+02	6.32730000e+01
6.35491000e-01	8.91600000e+01	6.27947000e+01
6.36016000e-01	7.38000000e+01	6.28373000e+01
6.36541000e-01	2.56780000e+02	6.28536000e+01
6.37067000e-01	2.61650000e+02	6.29711000e+01
6.37592000e-01	2.08810000e+02	6.28525000e+01
6.38117000e-01	1.45170000e+02	6.26493000e+01
6.38643000e-01	2.40210000e+02	6.29665000e+01
6.39168000e-01	2.29300000e+02	6.26558000e+01
6.39693000e-01	2.17580000e+02	6.30211000e+01
6.40219000e-01	2.38140000e+02	6.24644000e+01
6.40744000e-01	2.01250000e+02	6.26869000e+01
6.41269000e-01	1.99680000e+02	6.28356000e+01
6.41795000e-01	2.63240000e+02	6.25632000e+01
6.42320000e-01	2.44340000e+02	6.22430000e+01
6.42845000e-01	2.00250000e+02	6.24649000e+01
6.43371000e-01	2.56150000e+02	6.27153000e+01
6.43896000e-01	3.01330000e+02	6.28120000e+01
6.44422000e-01	2.48690000e+02	6.25220000e+01
6.44947000e-01	2.85770000e+02	6.25520000e+01
6.45472000e-01	3.02890000e+02	6.28620000e+01
6.45998000e-01	2.39340000e+02	6.31931000e+01
6.46523000e-01	2.20320000e+02	6.48938000e+01
6.47048000e-01	2.13950000e+02	6.58051000e+01
6.47574000e-01	1.39790000e+02	6.64964000e+01
6.48099000e-01	1.17790000e+02	6.74626000e+01
6.48624000e-01	2.71580000e+02	6.79432000e+01
6.49150000e-01	2.08140000e+02	6.81573000e+01
6.49675000e-01	2.43200000e+02	6.87012000e+01
6.50200000e-01	1.11200000e+02	6.96488000e+01
6.50726000e-01	2.37870000e+02	6.99426000e+01
6.51251000e-01	2.43520000e+02	7.02457000e+01
6.51776000e-01	2.29700000e+02	7.07868000e+01
6.52302000e-01	1.16500000e+02	7.09208000e+01
6.52827000e-01	2.55780000e+02	7.20707000e+01
6.53352000e-01	1.60800000e+02	7.18127000e+01
6.53878000e-01	4.90700000e+01	7.20032000e+01
6.54403000e-01	1.03060000e+02	7.31477000e+01
6.54929000e-01	1.21600000e+02	7.32861000e+01
6.55454000e-01	2.22540000e+02	7.37659000e+01
6.55979000e-01	1.51100000e+02	7.38305000e+01
6.56505000e-01	1.78600000e+02	7.44694000e+01
6.57030000e-01	2.92670000e+02	7.44282000e+01
6.57555000e-01	1.94120000e+02	7.16515000e+01
6.58081000e-01	2.85640000e+02	7.09410000e+01
6.58606000e-01	2.09980000e+02	7.02342000e+01
6.59131000e-01	1.81900000e+02	6.98477000e+01
6.59657000e-01	1.91820000e+02	6.98205000e+01
6.60182000e-01	2.98970000e+02	6.90068000e+01
6.60707000e-01	3.18900000e+01	6.90894000e+01
6.61233000e-01	2.79720000e+02	6.91039000e+01
6.61758000e-01	7.19300000e+01	6.85288000e+01
6.62283000e-01	1.95680000e+02	6.83839000e+01
6.62809000e-01	2.46000000e+02	6.84423000e+01
6.63334000e-01	2.21500000e+02	6.84800000e+01
6.63859000e-01	1.53530000e+02	6.85101000e+01
6.64385000e-01	1.05280000e+02	6.79209000e+01
6.64910000e-01	2.03810000e+02	6.80349000e+01
6.65436000e-01	1.88810000e+02	6.75481000e+01
6.65961000e-01	2.23310000e+02	6.80645000e+01
6.66486000e-01	1.47630000e+02	6.76571000e+01
6.67012000e-01	2.14960000e+02	6.75818000e+01
6.67537000e-01	2.86730000e+02	6.78388000e+01
6.68062000e-01	1.88230000e+02	6.75523000e+01
6.68588000e-01	2.16360000e+02	6.75250000e+01
6.69113000e-01	2.69880000e+02	6.72880000e+01
6.69638000e-01	2.05820000e+02	6.74104000e+01
6.70164000e-01	1.67230000e+02	6.72267000e+01
6.70689000e-01	1.18520000e+02	6.72079000e+01
6.71214000e-01	2.91000000e+02	6.68909000e+01
6.71740000e-01	2.52580000e+02	6.69498000e+01
6.72265000e-01	2.46110000e+02	6.71097000e+01
6.72790000e-01	1.10370000e+02	6.68575000e+01
6.73316000e-01	1.59290000e+02	6.66837000e+01
6.73841000e-01	2.09540000e+02	6.66308000e+01
6.74366000e-01	3.66200000e+02	6.70722000e+01
6.74892000e-01	2.05980000e+02	6.67105000e+01
6.75417000e-01	1.97410000e+02	6.65283000e+01
6.75943000e-01	2.57640000e+02	6.67117000e+01
6.76468000e-01	2.70220000e+02	6.68577000e+01
6.76993000e-01	2.98900000e+02	6.69803000e+01
6.77519000e-01	2.24460000e+02	6.68666000e+01
6.78044000e-01	2.46500000e+02	6.62579000e+01
6.78569000e-01	9.22700000e+01	6.65341000e+01
6.79095000e-01	4.21080000e+02	6.69999000e+01
6.79620000e-01	1.19500000e+02	6.65929000e+01
6.80145000e-01	2.23930000e+02	6.63341000e+01
6.80671000e-01	1.14230000e+02	6.66291000e+01
6.81196000e-01	1.85910000e+02	6.67206000e+01
6.81721000e-01	2.04690000e+02	6.69780000e+01
6.82247000e-01	2.45260000e+02	6.66357000e+01
6.82772000e-01	1.85400000e+02	6.68166000e+01
6.83297000e-01	2.80930000e+02	6.70435000e+01
6.83823000e-01	1.92550000e+02	6.69744000e+01
6.84348000e-01	2.44640000e+02	6.67309000e+01
6.84874000e-01	3.25770000e+02	6.65492000e+01
6.85399000e-01	3.34120000e+02	6.68672000e+01
6.85924000e-01	2.19530000e+02	6.65931000e+01
6.86450000e-01	1.15290000e+02	6.67842000e+01
6.86975000e-01	1.46820000e+02	6.64551000e+01
6.87500000e-01	2.69010000e+02	6.66365000e+01
6.88026000e-01	2.15570000e+02	6.68994000e+01
6.88551000e-01	1.97650000e+02	6.65850000e+01
6.89076000e-01	1.89830000e+02	6.63823000e+01
6.89602000e-01	3.39260000e+02	6.68330000e+01
6.90127000e-01	2.17630000e+02	6.63356000e+01
6.90652000e-01	1.52010000e+02	6.66458000e+01
6.91178000e-01	2.76690000e+02	6.61679000e+01
6.91703000e-01	1.37290000e+02	6.62569000e+01
6.92228000e-01	2.44240000e+02	6.64123000e+01
6.92754000e-01	1.87360000e+02	6.62476000e+01
6.93279000e-01	2.37270000e+02	6.61262000e+01
6.93804000e-01	1.48050000e+02	6.60206000e+01
6.94330000e-01	3.81310000e+02	6.63939000e+01
6.94855000e-01	2.94420000e+02	6.61852000e+01
6.95381000e-01	3.51090000e+02	6.61371000e+01
6.95906000e-01	2.02520000e+02	6.59015000e+01
6.96431000e-01	1.29320000e+02	6.59505000e+01
6.96957000e-01	1.17630000e+02	6.56131000e+01
6.97482000e-01	2.51450000e+02	6.61584000e+01
6.98007000e-01	1.95440000e+02	6.55783000e+01
6.98533000e-01	2.31100000e+02	6.61350000e+01
6.99058000e-01	6.38400000e+01	6.59003000e+01
6.99583000e-01	1.89410000e+02	6.60757000e+01
7.00109000e-01	2.48810000e+02	6.59258000e+01
7.00634000e-01	2.46550000e+02	6.56754000e+01
7.01159000e-01	1.51600000e+02	6.58878000e+01
7.01685000e-01	2.32970000e+02	6.60312000e+01
7.02210000e-01	2.23520000e+02	6.58042000e+01
7.02735000e-01	2.06700000e+02	6.58385000e+01
7.03261000e-01	1.69570000e+02	6.58799000e+01
7.03786000e-01	2.33960000e+02	6.62348000e+01
7.04311000e-01	1.90250000e+02	6.59419000e+01
7.04837000e-01	1.91710000e+02	6.57385000e+01
7.05362000e-01	1.89770000e+02	6.59860000e+01
7.05888000e-01	3.07900000e+02	6.61007000e+01
7.06413000e-01	1.10470000e+02	6.60896000e+01
7.06938000e-01	1.15500000e+02	6.55749000e+01
7.07464000e-01	1.86630000e+02	6.59268000e+01
7.07989000e-01	2.83160000e+02	6.63737000e+01
7.08514000e-01	2.38310000e+02	6.61116000e+01
7.09040000e-01	2.41950000e+02	6.59701000e+01
7.09565000e-01	1.70330000e+02	6.59694000e+01
7.10090000e-01	2.78600000e+02	6.61143000e+01
7.10616000e-01	1.72870000e+02	6.61702000e+01
7.11141000e-01	2.04560000e+02	6.59861000e+01
7.11666000e-01	3.23650000e+02	6.58166000e+01
7.12192000e-01	1.99030000e+02	6.62018000e+01
7.12717000e-01	2.08830000e+02	6.63453000e+01
7.13242000e-01	2.00630000e+02	6.59745000e+01
7.13768000e-01	2.35740000e+02	6.57456000e+01
7.14293000e-01	3.94080000e+02	6.64161000e+01
7.14818000e-01	1.74970000e+02	6.61519000e+01
7.15344000e-01	3.42330000e+02	6.62145000e+01
7.15869000e-01	2.60860000e+02	6.62348000e+01
7.16395000e-01	2.08660000e+02	6.59260000e+01
7.16920000e-01	1.33240000e+02	6.62404000e+01
7.17445000e-01	2.39450000e+02	6.61057000e+01
7.17971000e-01	1.64450000e+02	6.57104000e+01
7.18496000e-01	1.67050000e+02	6.63622000e+01
7.19021000e-01	2.59350000e+02	6.61709000e+01
7.19547000e-01	3.75380000e+02	6.66160000e+01
7.20072000e-01	2.95390000e+02	6.60063000e+01
7.20597000e-01	1.72410000e+02	6.62646000e+01
7.21123000e-01	2.15200000e+02	6.64696000e+01
7.21648000e-01	2.49980000e+02	6.62720000e+01
7.22173000e-01	1.44150000e+02	6.61739000e+01
7.22699000e-01	1.81000000e+02	6.62831000e+01
7.23224000e-01	2.01710000e+02	6.61802000e+01
7.23749000e-01	1.47330000e+02	6.63242000e+01
7.24275000e-01	2.16210000e+02	6.61328000e+01
7.24800000e-01	2.34020000e+02	6.63190000e+01
7.25326000e-01	2.15680000e+02	6.63754000e+01
7.25851000e-01	1.95310000e+02	6.62161000e+01
7.26376000e-01	2.43720000e+02	6.65277000e+01
7.26902000e-01	2.01040000e+02	6.61775000e+01
7.27427000e-01	2.00620000e+02	6.63193000e+01
7.27952000e-01	2.55800000e+02	6.63523000e+01
7.28478000e-01	2.36160000e+02	6.63641000e+01
7.29003000e-01	2.28400000e+02	6.66738000e+01
7.29528000e-01	2.01700000e+02	6.61475000e+01
7.30054000e-01	2.53290000e+02	6.62709000e+01
7.30579000e-01	3.08790000e+02	6.64280000e+01
7.31104000e-01	2.07430000e+02	6.62121000e+01
7.31630000e-01	2.43940000e+02	6.61977000e+01
7.32155000e-01	1.28890000e+02	6.61701000e+01
7.32680000e-01	2.47110000e+02	6.63123000e+01
7.33206000e-01	2.54920000e+02	6.62033000e+01
7.33731000e-01	2.36410000e+02	6.58470000e+01
7.34256000e-01	1.25740000e+02	6.60874000e+01
7.34782000e-01	2.54220000e+02	6.61308000e+01
7.35307000e-01	1.80670000e+02	6.59704000e+01
7.35833000e-01	1.80040000e+02	6.60504000e+01
7.36358000e-01	2.51970000e+02	6.57557000e+01
7.36883000e-01	3.54590000e+02	6.58531000e+01
7.37409000e-01	3.39380000e+02	6.62128000e+01
7.37934000e-01	1.58300000e+02	6.55626000e+01
7.38459000e-01	2.31890000e+02	6.57961000e+01
7.38985000e-01	3.40780000e+02	6.57618000e+01
7.39510000e-01	1.66700000e+02	6.57182000e+01
7.40035000e-01	3.10930000e+02	6.54915000e+01
7.40561000e-01	1.84890000e+02	6.51273000e+01
7.41086000e-01	2.28170000e+02	6.59514000e+01
7.41611000e-01	1.79500000e+02	6.56575000e+01
7.42137000e-01	1.59710000e+02	6.56075000e+01
7.42662000e-01	2.11310000e+02	6.56243000e+01
7.43187000e-01	1.67030000e+02	6.54649000e+01
7.43713000e-01	2.41450000e+02	6.59935000e+01
7.44238000e-01	2.83870000e+02	6.57072000e+01
7.44763000e-01	3.05150000e+02	6.56061000e+01
7.45289000e-01	2.18980000e+02	6.61573000e+01
7.45814000e-01	1.60510000e+02	6.56912000e+01
7.46340000e-01	2.39610000e+02	6.58192000e+01
7.46865000e-01	2.10560000e+02	6.57560000e+01
7.47390000e-01	3.00150000e+02	6.58265000e+01
7.47916000e-01	1.37520000e+02	6.57969000e+01
7.48441000e-01	1.96190000e+02	6.58777000e+01
7.48966000e-01	2.50170000e+02	6.60092000e+01
7.49492000e-01	3.02450000e+02	6.53862000e+01
7.50017000e-01	1.50410000e+02	6.58456000e+01
7.50542000e-01	3.11850000e+02	6.63292000e+01
7.51068000e-01	3.03290000e+02	6.59824000e+01
7.51593000e-01	2.23190000e+02	6.59017000e+01
7.52118000e-01	2.49320000e+02	6.61508000e+01
7.52644000e-01	2.65410000e+02	6.58294000e+01
7.53169000e-01	2.40800000e+02	6.60926000e+01
7.53694000e-01	1.39260000e+02	6.58463000e+01
7.54220000e-01	2.73630000e+02	6.62095000e+01
7.54745000e-01	1.03930000e+02	6.60363000e+01
7.55270000e-01	2.58150000e+02	6.60664000e+01
7.55796000e-01	2.70710000e+02	6.60626000e+01
7.56321000e-01	2.70620000e+02	6.57771000e+01
7.56847000e-01	2.57100000e+02	6.61414000e+01
7.57372000e-01	2.72450000e+02	6.69186000e+01
7.57897000e-01	2.12390000e+02	6.88364000e+01
7.58423000e-01	2.18170000e+02	6.98178000e+01
7.58948000e-01	2.06620000e+02	7.07197000e+01
7.59473000e-01	2.55680000e+02	7.15312000e+01
7.59999000e-01	1.95660000e+02	7.21594000e+01
7.60524000e-01	1.46560000e+02	7.27223000e+01
7.61049000e-01	3.48670000e+02	7.39467000e+01
7.61575000e-01	3.70200000e+02	7.44406000e+01
7.62100000e-01	2.17430000e+02	7.49576000e+01
7.62625000e-01	1.14970000e+02	7.46156000e+01
7.63151000e-01	1.79410000e+02	7.57238000e+01
7.63676000e-01	1.96900000e+02	7.66808000e+01
7.64201000e-01	1.09850000e+02	7.68049000e+01
7.64727000e-01	2.67820000e+02	7.71555000e+01
7.65252000e-01	1.35800000e+02	7.76533000e+01
7.65777000e-01	2.27940000e+02	7.82135000e+01
7.66303000e-01	1.01850000e+02	7.93831000e+01
7.66828000e-01	1.86010000e+02	7.93499000e+01
7.67354000e-01	2.89400000e+02	7.98816000e+01
7.67879000e-01	1.48340000e+02	8.07341000e+01
7.68404000e-01	2.93090000e+02	8.00079000e+01
7.68930000e-01	1.97100000e+02	7.70775000e+01
7.69455000e-01	7.72000000e+01	7.54604000e+01
7.69980000e-01	8.19000000e+01	7.55148000e+01
7.70506000e-01	3.32810000e+02	7.52379000e+01
7.71031000e-01	5.50800000e+01	7.47085000e+01
7.71556000e-01	2.02480000e+02	7.37450000e+01
7.72082000e-01	2.29560000e+02	7.38355000e+01
7.72607000e-01	2.05990000e+02	7.35249000e+01
7.73132000e-01	1.41390000e+02	7.40669000e+01
7.73658000e-01	1.76000000e+02	7.32391000e+01
7.74183000e-01	2.53560000e+02	7.33210000e+01
7.74708000e-01	1.23800000e+02	7.29972000e+01
7.75234000e-01	2.48330000e+02	7.31959000e+01
7.75759000e-01	3.00430000e+02	7.29577000e+01
7.76285000e-01	1.97590000e+02	7.23486000e+01
7.76810000e-01	1.26360000e+02	7.29770000e+01
7.77335000e-01	2.67090000e+02	7.26746000e+01
7.77861000e-01	1.27510000e+02	7.21289000e+01
7.78386000e-01	1.51830000e+02	7.14791000e+01
7.78911000e-01	2.17860000e+02	7.18367000e+01
7.79437000e-01	1.80950000e+02	7.17710000e+01
7.79962000e-01	2.63350000e+02	7.18928000e+01
7.80487000e-01	2.02220000e+02	7.13376000e+01
7.81013000e-01	2.65200000e+02	7.13302000e+01
7.81538000e-01	3.57480000e+02	7.10596000e+01
7.82063000e-01	2.08110000e+02	7.10340000e+01
7.82589000e-01	2.78790000e+02	7.08205000e+01
7.83114000e-01	3.22190000e+02	7.07588000e+01
7.83639000e-01	1.42430000e+02	7.07459000e+01
7.84165000e-01	3.02230000e+02	7.07268000e+01
7.84690000e-01	1.84530000e+02	7.03274000e+01
7.85215000e-01	2.59250000e+02	7.02197000e+01
7.85741000e-01	2.62790000e+02	7.03940000e+01
7.86266000e-01	1.57320000e+02	7.02489000e+01
7.86792000e-01	1.21780000e+02	7.02879000e+01
7.87317000e-01	2.69250000e+02	7.01846000e+01
7.87842000e-01	2.34790000e+02	7.00548000e+01
7.88368000e-01	1.94210000e+02	7.04063000e+01
7.88893000e-01	2.11300000e+02	7.07652000e+01
7.89418000e-01	2.35820000e+02	7.02876000e+01
7.89944000e-01	7.32000000e+01	7.02365000e+01
7.90469000e-01	2.88270000e+02	7.06328000e+01
7.90994000e-01	1.92010000e+02	7.03998000e+01
7.91520000e-01	2.60710000e+02	7.00277000e+01
7.92045000e-01	3.10750000e+02	7.03657000e+01
7.92570000e-01	2.03770000e+02	7.01924000e+01
7.93096000e-01	2.76030000e+02	7.04437000e+01
7.93621000e-01	2.25780000e+02	7.02664000e+01
7.94146000e-01	2.72550000e+02	7.01799000e+01
7.94672000e-01	3.66150000e+02	7.04443000e+01
7.95197000e-01	3.19850000e+02	7.02521000e+01
7.95722000e-01	1.71010000e+02	7.02774000e+01
7.96248000e-01	3.93390000e+02	7.02895000e+01
7.96773000e-01	2.55710000e+02	7.03581000e+01
7.97299000e-01	1.28880000e+02	7.02292000e+01
7.97824000e-01	2.67210000e+02	7.02237000e+01
7.98349000e-01	2.60010000e+02	7.00495000e+01
7.98875000e-01	8.52700000e+01	7.00760000e+01
7.99400000e-01	3.21300000e+02	7.01535000e+01
7.99925000e-01	3.39540000e+02	7.03330000e+01
8.00451000e-01	3.57040000e+02	7.02554000e+01
8.00976000e-01	2.66640000e+02	7.01478000e+01
8.01501000e-01	1.80460000e+02	7.01798000e+01
8.02027000e-01	1.94180000e+02	7.05256000e+01
8.02552000e-01	2.27400000e+02	6.99987000e+01
8.03077000e-01	2.25610000e+02	7.01676000e+01
8.03603000e-01	8.59900000e+01	7.00242000e+01
8.04128000e-01	2.92520000e+02	7.03753000e+01
8.04653000e-01	1.96640000e+02	7.02440000e+01
8.05179000e-01	3.02500000e+02	7.01405000e+01
8.05704000e-01	1.61250000e+02	7.02712000e+01
8.06229000e-01	2.79740000e+02	7.00980000e+01
8.06755000e-01	1.45620000e+02	7.04898000e+01
8.07280000e-01	2.50530000e+02	6.98901000e+01
8.07806000e-01	2.86720000e+02	7.02119000e+01
8.08331000e-01	2.88350000e+02	7.01262000e+01
8.08856000e-01	1.37160000e+02	7.02434000e+01
8.09382000e-01	2.49020000e+02	7.01878000e+01
8.09907000e-01	2.68000000e+02	7.05264000e+01
8.10432000e-01	1.17180000e+02	7.01619000e+01
8.10958000e-01	3.09600000e+02	7.03157000e+01
8.11483000e-01	1.99350000e+02	7.03496000e+01
8.12008000e-01	1.49370000e+02	7.01316000e+01
8.12534000e-01	2.59290000e+02	7.02713000e+01
8.13059000e-01	3.69950000e+02	7.03570000e+01
8.13584000e-01	1.57180000e+02	7.01697000e+01
8.14110000e-01	1.64290000e+02	7.00170000e+01
8.14635000e-01	2.06390000e+02	7.03055000e+01
8.15160000e-01	2.01570000e+02	7.05341000e+01
8.15686000e-01	4.03210000e+02	7.06121000e+01
8.16211000e-01	3.36630000e+02	7.02524000e+01
8.16737000e-01	2.80590000e+02	7.02376000e+01
8.17262000e-01	2.17120000e+02	7.03192000e+01
8.17787000e-01	2.70280000e+02	7.04519000e+01
8.18313000e-01	2.71550000e+02	7.01941000e+01
8.18838000e-01	1.99680000e+02	7.02648000e+01
8.19363000e-01	2.23190000e+02	7.04632000e+01
8.19889000e-01	2.29730000e+02	7.06584000e+01
8.20414000e-01	2.54010000e+02	7.00575000e+01
8.20939000e-01	3.68400000e+02	7.01278000e+01
8.21465000e-01	1.78430000e+02	7.04057000e+01
8.21990000e-01	9.75500000e+01	7.05586000e+01
8.22515000e-01	1.68540000e+02	7.04483000e+01
8.23041000e-01	3.60370000e+02	7.04097000e+01
8.23566000e-01	1.21680000e+02	7.03940000e+01
8.24091000e-01	3.18400000e+01	7.01116000e+01
8.24617000e-01	1.77850000e+02	7.04908000e+01
8.25142000e-01	1.46380000e+02	7.00773000e+01
8.25667000e-01	2.52470000e+02	7.05419000e+01
8.26193000e-01	2.56420000e+02	7.06671000e+01
8.26718000e-01	2.43490000e+02	7.05887000e+01
8.27244000e-01	2.12850000e+02	7.00310000e+01
8.27769000e-01	3.75570000e+02	7.05154000e+01
8.28294000e-01	2.19970000e+02	7.06397000e+01
8.28820000e-01	2.63280000e+02	7.06005000e+01
8.29345000e-01	1.22810000e+02	7.03028000e+01
8.29870000e-01	1.95550000e+02	7.04584000e+01
8.30396000e-01	3.21090000e+02	7.05427000e+01
8.30921000e-01	2.06030000e+02	7.03951000e+01
8.31446000e-01	2.11440000e+02	7.05036000e+01
8.31972000e-01	2.11050000e+02	7.03675000e+01
8.32497000e-01	2.71760000e+02	7.05808000e+01
8.33022000e-01	1.50530000e+02	7.01536000e+01
8.33548000e-01	2.32240000e+02	7.01260000e+01
8.34073000e-01	1.86570000e+02	6.99375000e+01
8.34598000e-01	1.09490000e+02	7.00570000e+01
8.35124000e-01	2.34410000e+02	7.02276000e+01
8.35649000e-01	2.65520000e+02	7.04103000e+01
8.36174000e-01	2.59140000e+02	6.96021000e+01
8.36700000e-01	2.13220000e+02	6.97725000e+01
8.37225000e-01	1.97240000e+02	6.97607000e+01
8.37751000e-01	1.77320000e+02	6.98928000e+01
8.38276000e-01	1.89520000e+02	6.95409000e+01
8.38801000e-01	1.79290000e+02	6.98594000e+01
8.39327000e-01	1.19160000e+02	6.96348000e+01
8.39852000e-01	4.77500000e+01	6.95086000e+01
8.40377000e-01	2.59040000e+02	6.91059000e+01
8.40903000e-01	2.71090000e+02	6.96114000e+01
8.41428000e-01	1.81770000e+02	6.96085000e+01
8.41953000e-01	2.54520000e+02	6.96038000e+01
8.42479000e-01	1.40600000e+02	6.95002000e+01
8.43004000e-01	1.44900000e+01	6.91300000e+01
8.43529000e-01	3.23580000e+02	6.95323000e+01
8.44055000e-01	2.40510000e+02	6.97602000e+01
8.44580000e-01	2.31780000e+02	6.97747000e+01
8.45105000e-01	2.37550000e+02	6.95910000e+01
8.45631000e-01	2.55920000e+02	6.95479000e+01
8.46156000e-01	2.73850000e+02	6.96551000e+01
8.46681000e-01	2.23830000e+02	6.96652000e+01
8.47207000e-01	2.85600000e+02	6.96989000e+01
8.47732000e-01	7.87600000e+01	6.98993000e+01
8.48258000e-01	1.19850000e+02	6.98576000e+01
8.48783000e-01	2.40890000e+02	6.98987000e+01
8.49308000e-01	1.08660000e+02	6.98866000e+01
8.49834000e-01	3.12030000e+02	6.94737000e+01
8.50359000e-01	2.47630000e+02	6.97527000e+01
8.50884000e-01	2.90120000e+02	6.96475000e+01
8.51410000e-01	2.83630000e+02	6.97888000e+01
8.51935000e-01	1.18950000e+02	6.99697000e+01
8.52460000e-01	3.73450000e+02	6.96964000e+01
8.52986000e-01	3.64770000e+02	6.99776000e+01
8.53511000e-01	2.26240000e+02	7.00366000e+01
8.54036000e-01	1.60530000e+02	6.99580000e+01
8.54562000e-01	1.83350000e+02	6.98611000e+01
8.55087000e-01	2.83400000e+02	6.99958000e+01
8.55612000e-01	2.01280000e+02	6.97065000e+01
8.56138000e-01	1.96520000e+02	6.97915000e+01
8.56663000e-01	2.37870000e+02	6.97471000e+01
8.57189000e-01	2.28730000e+02	7.02716000e+01
8.57714000e-01	2.73460000e+02	7.01851000e+01
8.58239000e-01	2.33480000e+02	6.99894000e+01
8.58765000e-01	1.81690000e+02	7.00332000e+01
8.59290000e-01	3.62000000e+02	7.00720000e+01
8.59815000e-01	2.42820000e+02	7.01593000e+01
8.60341000e-01	1.96490000e+02	7.01012000e+01
8.60866000e-01	1.23410000e+02	6.98868000e+01
8.61391000e-01	3.07680000e+02	7.02844000e+01
8.61917000e-01	2.00720000e+02	7.04215000e+01
8.62442000e-01	1.84360000e+02	7.02179000e+01
8.62967000e-01	3.10930000e+02	6.96805000e+01
8.63493000e-01	2.20690000e+02	7.02705000e+01
8.64018000e-01	3.17510000e+02	7.04471000e+01
8.64543000e-01	2.87070000e+02	7.07448000e+01
8.65069000e-01	1.81080000e+02	7.00063000e+01
8.65594000e-01	2.06720000e+02	7.02964000e+01
8.66119000e-01	1.32890000e+02	7.00433000e+01
8.66645000e-01	2.21460000e+02	7.04791000e+01
8.67170000e-01	1.80860000e+02	7.00798000e+01
8.67696000e-01	2.30030000e+02	7.03000000e+01
8.68221000e-01	6.92200000e+01	7.03697000e+01
8.68746000e-01	1.49020000e+02	7.12669000e+01
8.69272000e-01	2.76940000e+02	7.31070000e+01
8.69797000e-01	2.21400000e+02	7.47377000e+01
8.70322000e-01	1.98790000e+02	7.58300000e+01
8.70848000e-01	1.75700000e+02	7.68912000e+01
8.71373000e-01	2.07080000e+02	7.79449000e+01
8.71898000e-01	1.35250000e+02	7.78181000e+01
8.72424000e-01	1.74610000e+02	7.90459000e+01
8.72949000e-01	2.89400000e+02	7.97577000e+01
8.73474000e-01	2.19250000e+02	8.05644000e+01
8.74000000e-01	2.24230000e+02	8.03838000e+01
8.74525000e-01	2.21920000e+02	8.18660000e+01
8.75050000e-01	2.25810000e+02	8.20136000e+01
8.75576000e-01	2.25050000e+02	8.24182000e+01
8.76101000e-01	2.44300000e+02	8.27669000e+01
8.76626000e-01	1.71630000e+02	8.33004000e+01
8.77152000e-01	3.21550000e+02	8.42864000e+01
8.77677000e-01	2.72710000e+02	8.46810000e+01
8.78203000e-01	3.04060000e+02	8.54086000e+01
8.78728000e-01	1.89170000e+02	8.49246000e+01
8.79253000e-01	6.56600000e+01	8.59339000e+01
8.79779000e-01	2.74620000e+02	8.64192000e+01
8.80304000e-01	2.44050000e+02	8.72619000e+01
8.80829000e-01	2.53720000e+02	8.70120000e+01
8.81355000e-01	1.85590000e+02	8.78722000e+01
8.81880000e-01	2.02110000e+02	8.88052000e+01
8.82405000e-01	1.99590000e+02	8.89429000e+01
8.82931000e-01	2.09800000e+02	8.93448000e+01
8.83456000e-01	3.62460000e+02	9.05134000e+01
8.83981000e-01	2.99830000e+02	9.12323000e+01
8.84507000e-01	7.82700000e+01	9.17325000e+01
8.85032000e-01	4.04570000e+02	9.15995000e+01
8.85557000e-01	1.70720000e+02	9.18319000e+01
8.86083000e-01	1.09860000e+02	9.31616000e+01
8.86608000e-01	2.99790000e+02	9.34553000e+01
8.87133000e-01	3.44210000e+02	9.39108000e+01
8.87659000e-01	2.14440000e+02	9.44646000e+01
8.88184000e-01	3.30580000e+02	9.45575000e+01
8.88710000e-01	1.94350000e+02	9.53369000e+01
8.89235000e-01	1.14920000e+02	9.57770000e+01
8.89760000e-01	8.75000000e+01	9.59977000e+01
8.90286000e-01	3.61780000e+02	9.77457000e+01
8.90811000e-01	3.30770000e+02	9.79476000e+01
8.91336000e-01	1.21940000e+02	9.91151000e+01
8.91862000e-01	2.10130000e+02	9.83494000e+01
8.92387000e-01	2.29500000e+02	9.96790000e+01
8.92912000e-01	3.66280000e+02	1.01135000e+02
8.93438000e-01	4.72320000e+02	1.00883000e+02
8.93963000e-01	5.61900000e+01	1.01290000e+02
8.94488000e-01	2.50320000e+02	1.02165000e+02
8.95014000e-01	3.44490000e+02	1.03030000e+02
8.95539000e-01	3.37270000e+02	1.03621000e+02
8.96064000e-01	2.89570000e+02	1.04330000e+02
8.96590000e-01	2.10410000e+02	1.04997000e+02
8.97115000e-01	4.32410000e+02	1.06057000e+02
8.97641000e-01	3.03100000e+02	1.06625000e+02
8.98166000e-01	3.68510000e+02	1.07098000e+02
8.98691000e-01	1.13230000e+02	1.07108000e+02
8.99217000e-01	1.62620000e+02	1.07907000e+02
8.99742000e-01	2.81540000e+02	1.09782000e+02
9.00267000e-01	2.45790000e+02	1.10666000e+02
9.00793000e-01	3.09250000e+02	1.09322000e+02
9.01318000e-01	8.87700000e+01	1.11321000e+02
9.01843000e-01	2.34510000e+02	1.11668000e+02
9.02369000e-01	3.45880000e+02	1.13862000e+02
9.02894000e-01	1.31270000e+02	1.13133000e+02
9.03419000e-01	1.87440000e+02	1.14273000e+02
9.03945000e-01	4.37300000e+02	1.15573000e+02
9.04470000e-01	3.50470000e+02	1.16793000e+02
9.04995000e-01	2.81600000e+02	1.15686000e+02
9.06046000e-01	2.80100000e+02	1.18880000e+02
9.06571000e-01	4.20860000e+02	1.19990000e+02
9.07097000e-01	2.71640000e+02	1.20979000e+02
9.07622000e-01	3.77610000e+02	1.20234000e+02
9.08148000e-01	2.01120000e+02	1.22612000e+02
9.08673000e-01	1.10400000e+01	1.22471000e+02
9.09198000e-01	1.57770000e+02	1.24703000e+02
9.09724000e-01	2.43090000e+02	1.23897000e+02
9.10249000e-01	2.10710000e+02	1.25968000e+02
9.10774000e-01	8.71500000e+01	1.27028000e+02
9.11300000e-01	1.27670000e+02	1.27305000e+02
9.11825000e-01	1.83550000e+02	1.27468000e+02
9.12350000e-01	1.30290000e+02	1.30818000e+02
9.12876000e-01	9.85200000e+01	1.31184000e+02
9.13401000e-01	2.87370000e+02	1.32590000e+02
9.13926000e-01	1.58110000e+02	1.31651000e+02
9.14452000e-01	3.82920000e+02	1.32880000e+02
9.14977000e-01	3.05220000e+02	1.35704000e+02
9.15502000e-01	6.50900000e+01	1.36886000e+02
9.16028000e-01	4.25140000e+02	1.38197000e+02
9.16553000e-01	1.09970000e+02	1.38601000e+02
9.17078000e-01	1.31370000e+02	1.38894000e+02
9.18129000e-01	6.75000000e+01	1.42696000e+02
9.18655000e-01	2.02590000e+02	1.42206000e+02
9.19180000e-01	3.91380000e+02	1.46059000e+02
9.19705000e-01	1.37980000e+02	1.47220000e+02
9.20231000e-01	4.77100000e+01	1.48012000e+02
9.20756000e-01	1.13880000e+02	1.47701000e+02
9.21281000e-01	2.17340000e+02	1.50586000e+02
9.21807000e-01	8.31500000e+01	1.53476000e+02
9.22332000e-01	1.19840000e+02	1.53585000e+02
9.22857000e-01	2.51400000e+02	1.54843000e+02
9.23383000e-01	4.45660000e+02	1.58267000e+02
9.23908000e-01	1.94780000e+02	1.58398000e+02
9.24433000e-01	3.97240000e+02	1.62824000e+02
9.24959000e-01	4.23580000e+02	1.60484000e+02
9.25484000e-01	1.69340000e+02	1.63673000e+02
9.26009000e-01	2.03980000e+02	1.68046000e+02
9.26535000e-01	5.19830000e+02	1.68929000e+02
9.27060000e-01	4.39120000e+02	1.71535000e+02
9.27585000e-01	3.22660000e+02	1.70153000e+02
9.28111000e-01	5.51700000e+01	1.75190000e+02
9.28636000e-01	3.78250000e+02	1.82501000e+02
9.29162000e-01	3.99250000e+02	1.82868000e+02
9.29687000e-01	8.42350000e+02	1.82772000e+02
9.30212000e-01	4.36520000e+02	1.90343000e+02
9.30738000e-01	4.74060000e+02	1.92417000e+02
9.31263000e-01	1.31180000e+02	1.96631000e+02
9.31788000e-01	3.56180000e+02	1.90186000e+02
9.32314000e-01	5.85770000e+02	1.96356000e+02
9.33890000e-01	2.24710000e+02	2.00096000e+02
9.34415000e-01	1.90640000e+02	2.00128000e+02
9.34940000e-01	4.66020000e+02	2.04825000e+02
9.35466000e-01	5.94600000e+01	2.10855000e+02
9.36516000e-01	2.75800000e+01	2.05704000e+02
9.37042000e-01	1.04000000e+01	2.11428000e+02
9.37567000e-01	5.15410000e+02	2.16256000e+02
9.38093000e-01	3.16750000e+02	2.19233000e+02
9.38618000e-01	4.27240000e+02	2.11377000e+02
9.39143000e-01	3.96510000e+02	2.16920000e+02
9.39669000e-01	6.53100000e+02	2.27314000e+02
9.40194000e-01	3.24790000e+02	2.27271000e+02
9.40719000e-01	3.84200000e+02	2.20495000e+02
9.41245000e-01	3.01320000e+02	2.25361000e+02
9.41770000e-01	4.29220000e+02	2.31863000e+02
9.42821000e-01	1.49400000e+02	2.27643000e+02
9.43346000e-01	3.03150000e+02	2.35829000e+02
9.43871000e-01	3.23670000e+02	2.46200000e+02
9.44397000e-01	2.66840000e+02	2.45323000e+02
9.45447000e-01	2.08450000e+02	2.41830000e+02
9.45973000e-01	5.13660000e+02	2.55708000e+02
9.46498000e-01	3.28760000e+02	2.57730000e+02
9.47023000e-01	3.05000000e+00	2.62567000e+02
9.47549000e-01	2.79850000e+02	2.49083000e+02
9.48074000e-01	2.62410000e+02	2.67430000e+02
9.48600000e-01	4.01440000e+02	2.70082000e+02
9.49125000e-01	1.08380000e+02	2.75646000e+02
9.49650000e-01	2.46430000e+02	2.64133000e+02
9.50176000e-01	3.22520000e+02	2.79494000e+02
9.50701000e-01	2.84730000e+02	2.87070000e+02
9.51226000e-01	1.71340000e+02	2.94056000e+02
9.51752000e-01	5.11600000e+02	2.88603000e+02
9.52277000e-01	1.34530000e+02	3.00607000e+02
9.52802000e-01	8.72760000e+02	3.12907000e+02
9.53328000e-01	3.12160000e+02	3.13278000e+02
9.54378000e-01	2.48790000e+02	3.17199000e+02
9.54904000e-01	5.95280000e+02	3.32933000e+02
9.55429000e-01	2.82580000e+02	3.35869000e+02
9.55954000e-01	4.75600000e+01	3.38409000e+02
9.56480000e-01	3.57330000e+02	3.23939000e+02
9.57005000e-01	5.34900000e+02	3.47143000e+02
9.58056000e-01	7.48000000e+01	3.69535000e+02
9.59107000e-01	5.94030000e+02	3.76731000e+02
9.59632000e-01	4.95650000e+02	3.99949000e+02
9.60157000e-01	1.49470000e+02	4.01851000e+02
9.61208000e-01	5.24100000e+02	4.33566000e+02
9.62259000e-01	6.33980000e+02	4.61408000e+02
9.62784000e-01	6.88570000e+02	4.45251000e+02
9.63309000e-01	3.13740000e+02	4.65476000e+02
9.63835000e-01	2.05850000e+02	5.00167000e+02
9.64360000e-01	8.32200000e+01	5.52770000e+02
9.64885000e-01	3.59690000e+02	5.31509000e+02
9.65411000e-01	2.01050000e+02	5.20155000e+02
9.66461000e-01	9.90790000e+02	6.85577000e+02
9.66987000e-01	1.44416000e+03	7.29572000e+02
9.67512000e-01	1.29200000e+02	6.46265000e+02
