# -----------------------------------
# SAS_MoCa Version 1.5.2
# Fri Sep  4 16:39:00 2026
# -----------------------------------
convergence:
thermo:	1
maxcount:	100000
conv_threshold:	4
neg_water_scale:	5
statistics:
scale_MAD_to_std:	False
hist_mincount:	10
# -----------------------------------
datafile:	./POPC_50C_Symmetry2021.dat
save-folder:	RES_POPC-example
qrange:	[0.005, 0.6]
model:	LUV_POPC
temperature-init:	500
target-X2:	1
data-binning:	1
error-scale:	1
iterations:	100
processes:	24
plot-only:	False
state:	0
# -----------------------------------
# Pearson correlation coefficient matrix,
# see scipy.stats.pearsonr() docs for details.
# -----------------------------------
	nv	Rv	Z	d_Chol	s_Chol	d_PCN	s_PCN	d_CG	s_CG	dD_C	r_D_C	s_CH2	s_CH3	r_PCN	r_CG	r32	V_H	V_BW	Con
nv	1.0	-0.931732167188823	-0.260278421861591	-0.015895809045287965	0.03296637977539961	0.12845192342588968	0.025771647357534767	-0.030959574415800894	0.1720607686383667	-0.19390819942173954	-0.017467333795942147	0.17548064493587018	-0.04755721140817866	0.009952241880302162	0.032786678082744374	-0.2729970333317058	-0.027345400022897072	-0.12663413090314324	0.16060597638812857
Rv	-0.931732167188823	1.0	0.2742005989803174	-0.02988503534784997	-0.024598522008514534	-0.08201519693591966	-0.018042469962909844	0.04675242768895329	-0.08966843904141604	0.10216803712870219	-0.03339631219310839	-0.08072222830738547	0.12797521200865347	-0.013530860897221435	0.04620701002054965	0.12692017726867624	0.26422020557797044	0.13269580225504268	-0.14238645667531696
Z	-0.260278421861591	0.2742005989803174	1.0	-0.06392700487947581	-0.104847838275185	0.05852827753119785	-0.2706724662346751	-0.19237271980426196	-0.24326054623958515	-0.053611673770454976	0.27453320446042156	0.19469703221643875	0.018068665843696978	0.10784839917277525	0.15715684408433606	0.21792468852134608	0.061809420698148404	-0.05786884471107014	-0.24432650185131383
d_Chol	-0.015895809045287965	-0.02988503534784997	-0.06392700487947581	1.0	-0.012741082904535156	-0.1943455691958137	0.031279656986647336	0.02213111517530465	0.03631700826828075	0.10083723019187535	0.06283762372425666	-0.08950057641865258	-0.10561177539779436	0.016938699420330647	0.01284682344663492	0.03091202409109152	-0.0293062539932805	-0.11469216609460045	-0.006430184922340071
s_Chol	0.03296637977539961	-0.024598522008514534	-0.104847838275185	-0.012741082904535156	0.9999999999999999	0.014183759314610647	0.09526613377634599	-0.048046656119300514	0.21570753888623795	-0.012156652634774046	-0.06957563996457075	0.21051648112092725	-0.018373503158147418	-0.08272067942746808	-0.02413717195296209	-0.17535074036056136	0.02922326045736988	-0.06453527885994631	0.033470113342649675
d_PCN	0.12845192342588968	-0.08201519693591966	0.05852827753119785	-0.1943455691958137	0.014183759314610647	1.0	-0.18023288792972017	-0.11407713413043502	-0.056403767961688084	-0.6229155029307969	0.009832289271696937	0.11794958083065105	-0.04332969090279386	-0.031648222490132064	-0.045203071831408564	-0.2550149292902948	-0.2204872119647331	-0.19212670204284463	0.41817963053482654
s_PCN	0.025771647357534767	-0.018042469962909844	-0.2706724662346751	0.031279656986647336	0.09526613377634599	-0.18023288792972017	1.0	0.07738815022224103	-0.07141779162957694	0.6873368107467561	-0.5277462539123261	-0.10556786861889662	0.08065602670402545	-0.6090143463087373	-0.6285712638179117	-0.34422498355853887	0.1456347205088992	0.037631947745035706	0.213752797750426
d_CG	-0.030959574415800894	0.04675242768895329	-0.19237271980426196	0.02213111517530465	-0.048046656119300514	-0.11407713413043502	0.07738815022224103	1.0	-0.09560762223639502	-0.017077994540275546	-0.04111099304014698	-0.1478556345272396	0.09404152687999229	0.06489041804656764	-0.08485976890792866	0.13476588207417595	0.14782194621801606	0.18916681510356853	0.09210778929547717
s_CG	0.1720607686383667	-0.08966843904141604	-0.24326054623958515	0.03631700826828075	0.21570753888623795	-0.056403767961688084	-0.07141779162957694	-0.09560762223639502	0.9999999999999998	-0.23834697653310566	-0.23956236615765408	0.3223275619896155	-0.13001782785583638	0.0981909286435547	0.06612898234976373	-0.3564852030800021	-0.05488149633709949	0.11864431984333643	0.23702439986294482
dD_C	-0.19390819942173954	0.10216803712870219	-0.053611673770454976	0.10083723019187535	-0.012156652634774046	-0.6229155029307969	0.6873368107467561	-0.017077994540275546	-0.23834697653310566	1.0	-0.23858105448527042	-0.17702901290188927	0.08579443406010091	-0.2648123305729277	-0.5904141534228122	0.2094798982399922	0.17024792093361651	0.3062851750596604	-0.22773112535614154
r_D_C	-0.017467333795942147	-0.03339631219310839	0.27453320446042156	0.06283762372425666	-0.06957563996457075	0.009832289271696937	-0.5277462539123261	-0.04111099304014698	-0.23956236615765408	-0.23858105448527042	0.9999999999999996	-0.039567719238238604	-0.11038927605902855	0.2945613047433775	0.3701252689854044	0.3068617791832776	0.11698266352056468	-0.44521264095514756	-0.3217306330861811
s_CH2	0.17548064493587018	-0.08072222830738547	0.19469703221643875	-0.08950057641865258	0.21051648112092725	0.11794958083065105	-0.10556786861889662	-0.1478556345272396	0.3223275619896155	-0.17702901290188927	-0.039567719238238604	1.0	-0.040437671573816655	0.11041433372496026	0.04922143419855054	-0.2446175175383588	0.12207356218032175	0.01542640021373951	0.08135977877161525
s_CH3	-0.04755721140817866	0.12797521200865347	0.018068665843696978	-0.10561177539779436	-0.018373503158147418	-0.04332969090279386	0.08065602670402545	0.09404152687999229	-0.13001782785583638	0.08579443406010091	-0.11038927605902855	-0.040437671573816655	1.0	-0.09574116531814156	0.03999089696455192	0.30926218156032903	0.2165648905057773	0.05706248097412618	-0.19842429315159446
r_PCN	0.009952241880302162	-0.013530860897221435	0.10784839917277525	0.016938699420330647	-0.08272067942746808	-0.031648222490132064	-0.6090143463087373	0.06489041804656764	0.0981909286435547	-0.2648123305729277	0.2945613047433775	0.11041433372496026	-0.09574116531814156	1.0	-0.07519123141555936	0.09868270079436751	-0.06963163664032346	0.557971710225933	-0.15669273889565719
r_CG	0.032786678082744374	0.04620701002054965	0.15715684408433606	0.01284682344663492	-0.02413717195296209	-0.045203071831408564	-0.6285712638179117	-0.08485976890792866	0.06612898234976373	-0.5904141534228122	0.3701252689854044	0.04922143419855054	0.03999089696455192	-0.07519123141555936	0.9999999999999998	0.1923296225987094	0.1577918486883381	-0.5540480339385996	-0.16797057867027554
r32	-0.2729970333317058	0.12692017726867624	0.21792468852134608	0.03091202409109152	-0.17535074036056136	-0.2550149292902948	-0.34422498355853887	0.13476588207417595	-0.3564852030800021	0.2094798982399922	0.3068617791832776	-0.2446175175383588	0.30926218156032903	0.09868270079436751	0.1923296225987094	1.0	-0.07473958409447319	0.06364552999952573	-0.21358082873324025
V_H	-0.027345400022897072	0.26422020557797044	0.061809420698148404	-0.0293062539932805	0.02922326045736988	-0.2204872119647331	0.1456347205088992	0.14782194621801606	-0.05488149633709949	0.17024792093361651	0.11698266352056468	0.12207356218032175	0.2165648905057773	-0.06963163664032346	0.1577918486883381	-0.07473958409447319	0.9999999999999998	0.005958907961047422	-0.21718750270208384
V_BW	-0.12663413090314324	0.13269580225504268	-0.05786884471107014	-0.11469216609460045	-0.06453527885994631	-0.19212670204284463	0.037631947745035706	0.18916681510356853	0.11864431984333643	0.3062851750596604	-0.44521264095514756	0.01542640021373951	0.05706248097412618	0.557971710225933	-0.5540480339385996	0.06364552999952573	0.005958907961047422	1.0	-0.07045872845781768
Con	0.16060597638812857	-0.14238645667531696	-0.24432650185131383	-0.006430184922340071	0.033470113342649675	0.41817963053482654	0.213752797750426	0.09210778929547717	0.23702439986294482	-0.22773112535614154	-0.3217306330861811	0.08135977877161525	-0.19842429315159446	-0.15669273889565719	-0.16797057867027554	-0.21358082873324025	-0.21718750270208384	-0.07045872845781768	0.9999999999999998
