# -----------------------------------
# SAS_MoCa Version 1.5.2
# Fri Sep  4 16:39:00 2026
# -----------------------------------
convergence:
thermo:	1
maxcount:	100000
conv_threshold:	4
neg_water_scale:	5
statistics:
scale_MAD_to_std:	False
hist_mincount:	10
# -----------------------------------
datafile:	./POPC_50C_Symmetry2021.dat
save-folder:	RES_POPC-example
qrange:	[0.005, 0.6]
model:	LUV_POPC
temperature-init:	500
target-X2:	1
data-binning:	1
error-scale:	1
iterations:	100
processes:	24
plot-only:	False
state:	0
# -----------------------------------
# Collection of the result parameters (medians only) for each iteration.
# -----------------------------------
	Norm	nv	Rv	Z	d_Chol	s_Chol	d_PCN	s_PCN	d_CG	s_CG	dD_C	r_D_C	s_CH2	d_CH	s_CH	s_CH3	r_PCN	r_CG	r12	r32	T	V_H	V_BW	Con	X2
0	1e-07	0.9612109253969787	450.63674842089625	8.08141757273951	4.315591576636798	2.974780071627887	4.462588433115828	2.766895869102463	0.685146892033566	2.5873705469021946	27.968690568398788	0.07456860293741888	2.602559379650224	9.0	3.05	3.273584413920716	0.29184128887266986	0.43521579920454967	0.8	1.8109522255825083	50.0	316.56589741756375	30.390588380702876	0.0005334724478041285	3.3388664848908047
1	1e-07	0.7184746833472995	498.5930356499824	8.691484824259888	4.0844730476958615	2.9163159778334076	4.242544138363805	2.5232148347759797	0.8632577023914841	2.2852532673397064	28.139441114333167	0.07325881476517065	2.505015958051922	9.0	3.05	3.5899240583541974	0.300419485175163	0.4356383452460043	0.8	2.009176539534957	50.0	313.60998747778655	30.455901797326828	0.0005160376952984347	3.286930168089282
2	1e-07	0.9661719629728582	454.6075935193016	7.290577880786964	4.2631502413526645	2.884830047092859	4.335545317283858	3.3831789868883866	0.7843954052716804	2.565613451870899	28.787393237785285	0.07391649391940698	2.5285085935204408	9.0	3.05	3.5597585778234038	0.29697437231525453	0.3984679887471607	0.8	1.7761842661792167	50.0	320.3119551292366	30.433006935761856	0.000513318065213719	3.556282449829754
3	1e-07	1.05042423967492	429.11915337774633	7.421205015977973	4.6425120680391405	2.93503867507071	4.367192696295643	2.2442014503080565	0.7595040527576311	2.345397286812703	27.543978430346048	0.07590946445520948	2.501605182999283	9.0	3.05	3.435880442069934	0.30992671456034043	0.45056917509122674	0.8	1.8876854061402875	50.0	320.05516493676515	30.381396228324704	0.0004969064783594388	3.2490439786395013
4	1e-07	0.9774659217065299	451.99684140216317	10.778225352676122	4.265457515717533	3.102539278426584	4.404855701616164	3.069077365701979	0.8516861593329856	2.2645276260426983	28.287582935071647	0.07426354490789625	2.6827116576508585	9.0	3.05	3.5742489192141638	0.2970866588059561	0.41711916783791425	0.8	1.8596867461474014	50.0	319.1111337740413	30.409048479550005	0.0005489828224830607	3.5544039662269773
5	1e-07	1.043861343471153	398.38671622414296	6.817922664773923	4.212267514552267	2.9642956243943654	4.515123709080559	2.638347728184747	0.7354528664664194	2.0704240448842266	28.238841815560576	0.07374875901944966	2.174063510509913	9.0	3.05	3.2852248387413305	0.2869907152097066	0.43042896147951426	0.8	1.9746703552527956	50.0	307.2566824390208	30.423862362463105	0.000507852523109317	3.371042187094165
6	1e-07	1.069876280934057	441.2508511821541	9.7053399516017	4.420134809150041	3.035932702584513	4.21790213646774	3.235583956105206	0.8272920238234535	2.546469794064517	28.439874687838962	0.075152786494572	2.493355052793955	9.0	3.05	3.3812626435951305	0.2851182808341167	0.427874947822033	0.8	1.8486965387275387	50.0	326.02435359190736	30.397691714828078	0.000559100804943673	3.6581628198343963
7	1e-07	1.1585594174262641	425.2712560458556	8.793559101286084	3.9691320992095482	2.979983962497158	4.948889238699337	2.5675783470150155	0.7381552542425845	2.644383955610661	26.77501511016396	0.07155942861401578	2.717961846717333	9.0	3.05	3.2148368059390307	0.29523778820458707	0.44505278562460915	0.8	1.7420988309862495	50.0	315.3242404238565	30.401870341434137	0.0005630188403743405	3.3500017116521303
8	1e-07	0.7636685272257419	497.4613723379156	12.651762986692686	4.401312082879812	2.9418076718309583	4.440252707747572	2.228580873258625	0.7499982737863844	1.7395634321681315	28.093275020749857	0.07779836810047391	2.3388433885192397	9.0	3.05	3.4387509279869395	0.3327065924098987	0.4278634438654014	0.8	2.0029009937373528	50.0	319.96787932172833	30.452112212010753	0.000508455619831172	3.197824218173324
9	1e-07	0.8446558264162359	502.05920621833144	9.264541379610298	4.179605238393266	2.9845945877349176	4.001052332486078	2.7637360300973874	0.920813081044892	2.22987275588344	27.71182804637084	0.07092667166598501	2.5556105067700994	9.0	3.05	3.744651530192891	0.3028644190027347	0.4547886639593635	0.8	1.9182515211575044	50.0	328.79941862466814	30.444892504038418	0.0005013762844692864	3.579058468987609
10	1e-07	1.1165334804977234	377.4662271215523	7.960673276899106	4.4717907329890805	3.040206511116888	4.02518202560008	3.0656134179690233	0.8458951130613217	1.6659778971558044	29.271898765252622	0.07581647545848162	2.414841431421615	9.0	3.05	3.057217907119442	0.2942631628980475	0.4073520467577211	0.8	1.9419795040646843	50.0	305.7150781857025	30.41850039330216	0.00048598801788033385	3.5183453535557243
11	1e-07	0.8669835870399086	472.7577891037092	15.521224620924578	4.343625400036653	2.9800677163652702	4.476263570408732	1.9746893633963292	0.8458428640288194	2.0235258645952903	27.648308709333005	0.08085576968817235	2.5145331593947233	9.0	3.05	3.3952087016606782	0.3275966475943649	0.4364430561048338	0.8	2.006959549634373	50.0	319.59949988478184	30.414952570852208	0.000484963187917634	3.428770105169103
12	1e-07	0.8292932220439495	505.97192279079025	17.467204982858966	4.474702349288065	2.953171273120688	4.239075555271085	2.052754455250346	0.9447707078097834	2.3646050634558224	27.28744775347282	0.08209071379892409	2.6328296992038736	9.0	3.05	3.3862429997352685	0.3105562148259333	0.46104304227234516	0.8	1.9594907735763034	50.0	327.44377497476574	30.377543174869693	0.0004802312116898741	3.527600757565362
13	1e-07	1.120564347609398	419.27296853827653	7.127466399689033	4.369037811500669	2.8833561978245874	4.005113862075973	2.995393424825605	0.8006301166919931	1.7566072505517074	28.240758961098866	0.07714343322505872	2.248906769434616	9.0	3.05	3.215922450475761	0.2935981160577924	0.4443344123900417	0.8	1.7772823632115458	50.0	323.26039809889176	30.342721026005094	0.0004888940865120865	3.547924553862592
14	1e-07	1.0818461181925663	427.29954308774757	9.44040739906491	4.106650531007213	2.9910099671779165	4.607623990054215	2.5719725526052613	0.811268904776416	1.9868146669288318	27.597085578549258	0.08106753221113602	2.5067467909582524	9.0	3.05	3.487498368488636	0.2788213581342981	0.4551770504845085	0.8	1.9532511002665538	50.0	324.3532166369051	30.294959218918542	0.0005084007080751865	3.7294332861353228
15	1e-07	1.028303563161106	456.3579374174166	11.344556157832773	4.416391482885518	2.8323685535625507	4.3951311741226675	2.477943475499524	0.8562960064443181	1.6428104473222611	27.753989373593885	0.07912732791684875	2.5185150496346362	9.0	3.05	3.62232045014931	0.33605489948675416	0.43125555103354557	0.8	1.9301423088741265	50.0	330.9726538896167	30.442510974027634	0.0005495328119877167	3.7986285281039094
16	1e-07	1.0377443043707035	424.72421514583914	9.419084068434376	4.120739517746184	2.9628893447991183	4.190881142845183	3.1825887676859272	0.9226518451269852	1.8138950782668504	28.816150748834996	0.07927067816534243	2.3414918538877303	9.0	3.05	3.730801759002951	0.2884319270657016	0.4240102630514538	0.8	2.098385408639568	50.0	326.666208699368	30.341860094682687	0.0005512113352139006	3.9523673461739897
17	1e-07	1.2275445374097236	398.77512302726194	10.418703122334994	4.306400475395498	2.9629943644180052	4.420459096986487	2.332511529747005	0.8758896777675894	2.898758517185971	27.007793475624375	0.07370141519836552	2.6948091565637027	9.0	3.05	3.0807110453367748	0.3400763952013175	0.4240361714267892	0.8	1.7755432021850017	50.0	304.761641644273	30.457364475854682	0.0005524555285025682	3.501831456539323
18	1e-07	0.7745121004718604	495.14509002718273	12.370282515860664	4.473449231379565	3.0303639691326385	4.232064240993245	2.7710320558264083	0.821838278368738	1.6905869590611535	28.63187257997603	0.07586049418545404	2.489807865624213	9.0	3.05	3.4040735568746374	0.29068158807711447	0.4337595691113168	0.8	1.9412214357730968	50.0	321.9130872390492	30.39976771049854	0.0004962457521062119	3.6320239499507654
19	1e-07	0.9170452808202852	452.4222661561897	9.101023371216408	4.427568225496206	2.986818417767186	4.583947974363107	2.7938880213389736	0.9051027275993674	2.3588910982444693	28.204402793673136	0.0736330473150918	2.509352863733636	9.0	3.05	3.3011365657196836	0.3113851154776931	0.40797153538532055	0.8	1.9553090544376603	50.0	317.63884192783814	30.476732352030176	0.0005313792082713238	3.7474100237404753
20	1e-07	1.3736285043169736	373.42331615842875	5.690771995269924	4.200754400540536	2.9706151273781014	3.616720068008993	3.5494362505104604	0.8537689970468221	2.267197739582866	29.980117186013974	0.07094994156554796	2.4532710156326467	9.0	3.05	3.288636608605381	0.27407282048690407	0.41751261430473985	0.8	1.8963637625388639	50.0	332.8243659566475	30.45380660542353	0.0004928679093685421	3.4943553284791493
21	1e-07	1.1600566121896725	397.41771992089576	8.836391281905513	4.117576242561808	3.001152261013357	4.25523289757467	2.5242401718289016	0.7694678490447767	2.733559809939354	27.94194494904256	0.07745042805786703	2.5657244750686026	9.0	3.05	3.3848343799103864	0.31235464742884955	0.4281798717208547	0.8	1.8680152008052864	50.0	308.82232639452656	30.389883201713474	0.0005497392716715182	3.6124776969269026
22	1e-07	0.8939471503341756	472.0484651550067	10.695017487171306	4.386109233187555	2.949303661434898	4.328132235237991	2.62528400757833	0.7278303290950038	2.1643381079490944	27.946399645881865	0.07828237253267531	2.5427460252066685	9.0	3.05	3.4971693819234537	0.2936945775849368	0.45287767575078636	0.8	1.9777920790351418	50.0	324.84907357488214	30.345905254745237	0.0005139311111219167	3.4213752229220837
23	1e-07	0.966885059587872	463.833757721915	10.408493841269346	4.270831075872388	2.976329610436399	4.086095389746756	2.692684014472718	0.8735493960090819	2.5226699859854143	28.44599342677814	0.07220692488427473	2.529029323741232	9.0	3.05	3.2687455288195815	0.32401478500267494	0.4206280636678756	0.8	1.8795717897752557	50.0	328.6853722183229	30.512924293835006	0.0005105543286923408	3.3688998221362643
24	1e-07	1.272369162049881	396.4175804547622	13.829902607874763	4.160195625549446	3.014431864678768	4.587447553485397	2.810300312098124	0.7453815847924955	1.9443755330790586	28.09976158595367	0.0750465931394746	2.78759685754892	9.0	3.05	3.6106878126716713	0.2971290914488825	0.42936758115413337	0.8	1.9214208527952115	50.0	319.8818253375039	30.384804166298082	0.0005565056249267477	3.8421391369315256
25	1e-07	1.1780708042057193	407.93376826380364	10.296497613813	4.340809583096126	2.96813400596905	4.200739838703699	2.9312646922885053	0.734908241887682	1.7724321295962988	28.35940013220501	0.07729284962059418	2.297093633592804	9.0	3.05	3.3219675165695457	0.2992490685998462	0.43343276328668456	0.8	1.8055905247044304	50.0	319.7647115899241	30.364741191436234	0.0005030476956638487	3.661648594230514
26	1e-07	1.0263984772401347	443.2398919673144	12.221011324293157	4.27775634271936	3.0160547685678503	3.711682967585341	2.6933104967602746	0.9035984521873901	2.2189963415538445	28.833529777886305	0.075050878276402	2.3280870676337804	9.0	3.05	3.3916902773257824	0.3217021432003493	0.4293943436853441	0.8	1.9478273744930557	50.0	329.850635128595	30.494524406526953	0.0004859745969662924	3.3015716481464867
27	1e-07	0.9244519356348072	471.8262130904891	9.889477133941623	4.134924388413248	3.1310541213855583	3.7129683681678074	2.780656257990204	0.805980746983601	2.6092176444126673	28.50187710018456	0.07110771657276603	2.6302779088108412	9.0	3.05	3.3817724209570685	0.3178019550307278	0.4344900833388638	0.8	1.8365814584756217	50.0	324.2602125105501	30.48896583431484	0.0005035051681136157	3.306438449449981
28	1e-07	1.1290068559987676	416.5992835794673	9.325090066188615	4.18589344149725	2.939614751925175	4.193077126142935	2.755038198629996	0.8905657302139176	2.270947301700838	28.355551890017228	0.08075753359816157	2.5452429132146333	9.0	3.05	3.2549692532629466	0.2990909083777278	0.42929082054597345	0.8	1.8958485869795139	50.0	324.1439984161469	30.39705754718547	0.0005018728165967541	3.90106461853252
29	1e-07	1.1692885216643025	417.30348630299306	9.17112234350213	4.417740674530888	2.9957571868530506	4.112576599443458	2.8346623791685843	0.8318425558898885	2.642194005501656	28.13545371069054	0.07682833731156855	2.478434500370146	9.0	3.05	3.392949359385444	0.29696965984181484	0.436548990383098	0.8	1.8474954093575886	50.0	323.3056129418686	30.381324446959486	0.000506441587241025	3.515626057159521
30	1e-07	1.4694175886962553	373.8290342399023	6.615514757672352	4.2391649875827175	2.976422731548941	3.8070015864708235	2.1983253853027054	0.8453952353763133	2.4756676096874073	27.67584192454008	0.07990249290947221	2.3272396590892397	9.0	3.05	3.5840176321843	0.33114987220036485	0.45618848202344975	0.8	1.847416655122646	50.0	328.6338902089903	30.427606078210072	0.000452255626800941	3.486109867524394
31	1e-07	0.7733266432690015	500.9222606676602	8.602370803616516	4.409241807610611	2.975716097256399	4.557453332708241	2.9729682882523023	0.8456898244840079	1.8203659496006537	28.36725140563636	0.07570959435856596	2.290904559206217	9.0	3.05	3.1046448514199496	0.3244677285369667	0.4050345969721829	0.8	1.8782644048895654	50.0	323.1453155654432	30.45107398330798	0.000578041251151363	3.924658402759369
32	1e-07	1.2817490235064628	400.55815060299915	10.550906453889972	4.33383161774891	2.9640288608975647	4.242569681113252	2.691300730450679	0.7709608529542625	1.9948966545622335	28.335917080047963	0.0772867565769502	2.42207575784806	9.0	3.05	3.6428288110302103	0.3100724108341142	0.4340967794695886	0.8	1.9535352147831684	50.0	329.96836074097246	30.411152870377432	0.0005085479452545088	3.5695490720969465
33	1e-07	0.9714791071376553	431.79489279423194	9.80273979423785	4.412050089390605	3.0354200020707225	3.8410095409524945	2.728042677914456	0.9450507643178262	2.407482927549817	28.235433847858605	0.07717827129629184	2.4119313464758383	9.0	3.05	3.3979062393476114	0.31744121765235345	0.4292650055073954	0.8	1.9486580349081803	50.0	311.9183538121159	30.415114034842194	0.0005204474929052069	3.3343866870504653
34	1e-07	1.0113940854890162	449.57564609854074	9.455480976250962	4.287839495238855	2.9733829265238194	3.8642336670613386	2.9368217468253293	0.8656963347886324	2.60550358343875	28.51916107548782	0.07189308234069247	2.571038970203205	9.0	3.05	3.4690700164106283	0.30634997689531396	0.43309269231972647	0.8	1.888641240219579	50.0	326.3092053675642	30.464801104931208	0.000554056383973819	3.458736682760174
35	1e-07	1.1801580988997304	414.11013201450737	8.363155629707231	4.262967232342205	2.9601871174861527	4.023538293036153	3.4202938764753483	0.8058718276824068	1.9740801552218412	29.664144288883506	0.07780300423981393	2.6122310254466665	9.0	3.05	3.2342741089813334	0.3024500908409726	0.4022218561572645	0.8	1.852847303489354	50.0	332.8504610569676	30.437064952092975	0.00047216395358193536	3.9199517896106424
36	1e-07	0.7040469171984486	527.614528589656	11.241863547112569	4.460667706583918	2.928579271952179	3.751414679105857	3.4792995494710484	0.7779943525274019	2.110915248884814	29.550320745857945	0.07226504012330012	2.7204712001999085	9.0	3.05	3.576239174597933	0.27874187493628994	0.4227277180373856	0.8	1.900621920272297	50.0	323.9201977330283	30.395635122950416	0.0005020154589474823	3.4018164795434154
37	1e-07	0.8001117244517273	486.7420059409999	8.689065240518818	4.247059540392536	2.964150048316334	4.275861854241447	1.826711327685272	0.791034384173345	2.1834089357379067	27.274332178111127	0.07723034197747786	2.620848839167974	9.0	3.05	3.4918604001039535	0.3392496700425837	0.450818488644998	0.8	1.906184335597144	50.0	314.4083566149654	30.433330806825598	0.00046782650725222234	3.1032966608987977
38	1e-07	1.2180472391716728	396.7089416304227	10.079621272382115	4.297397823898023	2.958861192057741	3.8483089607662775	2.253025273409712	0.7849370491469204	2.1089298622324675	28.058776501039326	0.08034378480305533	2.4508172431205	9.0	3.05	3.522087777034724	0.3003836902207666	0.4739167351364279	0.8	2.0903749446368947	50.0	327.2905935898709	30.350867735907066	0.0004851052698360402	3.2324789567597736
39	1e-07	0.97384970191993	459.9281132652822	11.102927714047212	4.139928507300676	3.0192876587836026	4.292540714819198	2.929857233649675	0.8332452897058251	2.1385744919942034	28.579282797932393	0.07634285278650409	2.5148121148112415	9.0	3.05	3.204059112486286	0.309021773139311	0.4160961536352079	0.8	1.8431064880871026	50.0	327.25510886127444	30.449994124416325	0.000512449761317978	3.512458899351019
40	1e-07	0.9564727587212695	456.6815787825395	9.330094136422556	4.334973854814005	3.0323784686831536	4.459343974742608	2.789469573885234	0.7775157815756244	2.0835344970228236	28.233653147843434	0.0779709670825839	2.5237474640766937	9.0	3.05	3.6198295142474	0.30262089303084055	0.42513980316060984	0.8	1.8975337743582437	50.0	323.3551874768122	30.417988164180674	0.0005172553136958174	3.7564329873873072
41	1e-07	0.7038495383030661	527.8060339071777	10.225587365792984	4.256886581467959	2.9695675506467616	4.216994535295174	2.50162408371323	0.8585774811262702	2.5081737918441203	28.23865925167589	0.07655914885656785	2.5036890423882117	9.0	3.05	3.292964413785244	0.3014470439395675	0.43706176261354396	0.8	1.9552782223403158	50.0	325.45642859670875	30.41100371802769	0.000525834722356392	3.6313354161233997
42	1e-07	0.8870001226649945	471.7011011683106	10.147103173478916	4.245507910206508	3.0487034705805853	4.786611395056579	3.179911231952079	0.7526556041850967	2.229417338496886	28.39577911677291	0.07372209308446262	2.3464880121439458	9.0	3.05	3.3839967167741483	0.3032412394317797	0.39346569214752514	0.8	1.784499901327946	50.0	315.88304282870865	30.448441351452164	0.0005400571920909408	3.6973380974478567
43	1e-07	0.7819259041944439	522.8698180163076	7.741390668168739	4.405390290808082	3.099049698059508	3.93872600110263	2.8448377517639774	0.8663118416862882	2.331714500697838	28.663836115569186	0.07929387987437643	2.6564208442530455	9.0	3.05	3.5003128277793927	0.3098572801501853	0.4323438854851486	0.8	1.904445521924901	50.0	337.6733295197396	30.409904686687995	0.000506418667343754	3.6056052026328715
44	1e-07	1.430413454186334	382.35115395116054	14.56858046563658	4.414216741267786	3.0063343803104745	3.680558323165095	3.2798557407060698	0.6934174954892013	2.092958039213105	29.80862920407761	0.07385277808851494	2.8131712433182323	9.0	3.05	3.610546018267898	0.28758574365215067	0.4269197681996055	0.8	1.9238489255025446	50.0	332.85299600862606	30.436688978616964	0.00046979895839894983	4.257481950942189
45	1e-07	0.6068151538418953	571.4901266927477	9.777730907158528	4.225415532544128	2.9655609912774032	4.1466923995697815	3.2017240741095163	0.8893941299345638	1.7601404085244352	29.635714472376016	0.07716056976657346	2.3501835649809864	9.0	3.05	3.6622633777273363	0.3235661360345335	0.39464855784397357	0.8	2.0412196100492492	50.0	336.3799635823039	30.528666091106803	0.0005239414288470162	3.489907978262971
46	1e-07	1.079597128510157	416.2843117317526	8.173063748254819	4.312780532422254	3.027666291142612	4.1860559874864816	2.9496627846520544	0.741479685515209	2.073432259359274	29.21114794428602	0.07560807327592378	2.503443220899261	9.0	3.05	3.275746886275509	0.31649600542406736	0.40927862946075144	0.8	2.00185176404545	50.0	326.7599237557182	30.485638383779797	0.0005190866607033899	3.821767809376707
47	1e-07	0.9500688839368449	456.0956074377287	9.636397699415236	4.3179617535205255	2.968822616641526	4.0386123942130405	2.560591601006052	0.7856849710578652	2.595563999026571	28.442633456514944	0.07490311398283747	2.487097784723221	9.0	3.05	3.440683350496271	0.3068766408579498	0.43679837912382524	0.8	1.9458736578478057	50.0	325.1863581396442	30.456806712789454	0.0004913643000502775	3.4729906035923728
48	1e-07	1.5610528109347512	371.0266993341142	12.298228216922105	4.30987116954967	3.0019855314188804	4.900259587380092	2.442285460040033	0.7972463119005123	1.9048130751578285	27.142508626082016	0.0748296102650475	2.2818326514312828	9.0	3.05	3.382364854858732	0.3127417494161642	0.4355493829216578	0.8	1.796752215434357	50.0	323.66788901652376	30.41763514246369	0.0005040668178889468	3.8228396739475223
49	1e-07	1.1000900249009005	437.7237019440478	11.430656736432535	4.130684107075608	2.8781634638627587	4.703726496599061	2.4764768592239803	0.7747629462384729	1.8719442022915171	27.64426941967178	0.07935959525277533	2.5562356217993845	9.0	3.05	3.0735998033110707	0.30615318649121814	0.4366850460660625	0.8	1.831812530789842	50.0	327.1037900242483	30.38979872825568	0.0005190876389604746	3.6465106184638594
50	1e-07	1.301662786091202	391.809577848537	9.74898944715445	4.2805155762641585	3.170868092695454	4.433620575266028	2.413884370753529	0.6602554870791268	2.679531779170982	27.796063270310388	0.07726499595809061	2.8216703846891034	9.0	3.05	3.259643943752936	0.3208808957947547	0.43249788427542707	0.8	1.854180858028393	50.0	317.91020563900884	30.391545431650897	0.0005501050690159538	3.5128348333092125
51	1e-07	1.1350639558449598	409.9009898572285	10.847500467157397	4.310759763329621	2.9178860701543754	4.335793623988288	2.2616030032006535	0.8773503594090529	2.26530389636143	28.110079221785774	0.07297648577521694	2.475702138546441	9.0	3.05	3.4551458649453526	0.32520722694224014	0.4275543354732609	0.8	2.0380837118676665	50.0	322.8095189972129	30.495278706761145	0.0005393726603853596	3.651653195343202
52	1e-07	1.2632311148026516	393.2524103290258	7.483365710928199	3.9884997384354026	3.0686736449195804	5.005207173733942	2.60597382040294	0.7633545078304618	1.94038024152544	27.249363091004312	0.07921999685408056	2.4545907960762565	9.0	3.05	3.215267155143232	0.29523363282389525	0.432780818686972	0.8	1.7869248156054869	50.0	316.36841164745954	30.351963291752217	0.0005470163940369829	3.5993692373262918
53	1e-07	1.2589842236244289	374.0562208716332	8.064911017226226	4.516641942685512	3.2096869923225078	4.19781526787561	2.293576375969964	0.8591393136532126	2.2039603118740825	27.85995926907115	0.07839917996451343	2.512801613228389	9.0	3.05	3.35811941198636	0.3222713559502908	0.4414804065741974	0.8	2.0750830136289635	50.0	314.85133347950205	30.414758493492506	0.0005619492281438295	3.7811628940117394
54	1e-07	0.6549643471705605	535.4368434906146	7.661921753044828	4.308994837811253	2.995547723629246	4.103684410516499	3.0621733299572482	0.7941501375757533	2.2234848667034743	28.874781189154973	0.07576912285250012	2.311605974694361	9.0	3.05	3.3395770981203925	0.2955042912678326	0.4238754365563317	0.8	1.9407541307224898	50.0	324.2407780004885	30.40144829812095	0.0005371688900020204	3.4529278887294232
55	1e-07	0.9758506643751635	453.8713307415907	9.71236747025407	4.279010935440453	3.0640531240609974	4.124880011304544	3.2522761272139777	0.8696304308856311	2.470890387704074	28.833586766528853	0.07352881265935043	2.350450098897773	9.0	3.05	3.4136295757362283	0.2797622259232	0.42592762997999584	0.8	1.9276231938436836	50.0	328.1132852208377	30.406518721201238	0.0005342633072000564	3.6376976011295405
56	1e-07	0.9273237893237491	468.22624702658294	13.927774138392081	4.140191096125346	3.0049328532448327	4.0917366497027094	2.0781081001252257	0.750729035219496	2.0539654160896896	28.223006535130814	0.08152742655730019	2.6116797423253955	9.0	3.05	3.0979457117554343	0.326983189585186	0.446638068956087	0.8	1.9393128514663052	50.0	329.72786717646636	30.425458530737263	0.0004899403887991322	3.5842018888112634
57	1e-07	0.9834421449096467	445.3459046963861	10.208069230560076	4.189205315430437	3.0062779042511796	4.31662918266251	2.77092352302201	0.7448246831764751	2.332544953861535	28.54996687274473	0.07699323198841783	2.5072832561542895	9.0	3.05	3.3851847040633363	0.3070459403509668	0.42231159867488205	0.8	1.9482805247390536	50.0	323.60718820048385	30.434958793503128	0.0004975162091862867	3.773791348359944
58	1e-07	0.9216376317225029	465.7900697791916	12.14388618636408	4.161226491246624	2.814529921065071	4.41368115730332	2.4143277309670292	0.925480073269419	1.5579862175956383	28.073403810045008	0.08009071491827371	2.6066558122358305	9.0	3.05	3.317255466780191	0.33176232929357324	0.42214039532916675	0.8	1.943208920546535	50.0	326.8303027947345	30.42595159845322	0.0004909747947006374	3.562122094332734
59	1e-07	1.1634108081260977	408.27450481076704	8.744014267748861	4.186024712135681	3.1001634562785463	4.37963333672268	4.1843321852690565	0.8259982002466584	2.2997221963616754	30.240968621514952	0.07116195333426671	2.4160105056972285	9.0	3.05	3.8750456551857826	0.2911455403612433	0.35517291529840816	0.8	1.8721097897532648	50.0	323.4077014347172	30.506613679726456	0.0004656706637683526	3.676320312536192
60	1e-07	1.1249261027333028	420.9879475130422	7.736667428080965	4.278847731610442	3.0460983340090837	4.645637763456025	2.9140635694130514	0.9055924795011038	1.5165836327991178	27.661512302779972	0.07644450516996472	2.4487038843327174	9.0	3.05	3.7859431914781947	0.3022095225863847	0.42856687289686624	0.8	1.8791642298484248	50.0	322.10097872676545	30.389245852433767	0.0005327082666381547	3.706084510941251
61	1e-07	0.6127102148982421	530.6423853895278	8.170816451328092	4.337527579380825	2.988489856942218	3.8904828924962396	3.046689651920291	0.8232045781637133	2.155912474639933	28.999801339422905	0.07155641136188914	2.205018287805432	9.0	3.05	3.6232059317382586	0.26296051946603244	0.4481509644129629	0.8	2.1274707862021054	50.0	318.98336947516117	30.386584204680048	0.000560172241853975	3.655094004441877
62	1e-07	1.1993641581303456	441.83965675265415	9.303482669285007	4.224947987664742	3.0926637916811837	4.231817322943475	2.6914037951050926	0.9298528261771662	3.033290125989112	27.82975726869077	0.07273701551251671	2.819373857593713	9.0	3.05	3.0049528605426206	0.34775784134189575	0.4035699667110827	0.8	1.6596720549042763	50.0	329.6615149098853	30.542982746828006	0.0005533667738942923	3.461392183587927
63	1e-07	1.1618129989152488	374.3992317396647	10.286040452234168	4.288428782859476	2.9443310920642443	4.145413106691364	2.4488511288663797	0.8366214789395447	1.6708547572430827	28.402292387672077	0.07440772984433446	2.3340519439533822	9.0	3.05	3.542182887593808	0.3130816106109558	0.43028969370165926	0.8	2.060658055042746	50.0	304.56621552506795	30.43453572714133	0.0005003051634270181	3.5656551010536166
64	1e-07	1.6074406228901859	333.5764576401042	6.669316458397655	4.419545319734274	2.7402132635788043	4.054442923535051	2.55401527793799	0.8217937403177068	2.7151481472030383	28.39070105918128	0.07406476945206986	2.4587286188115147	9.0	3.05	3.6000095443490516	0.32339764403880356	0.4231543753243424	0.8	2.0432349225942237	50.0	317.19861110163566	30.491040449968246	0.0005355548171663278	3.485065044453737
65	1e-07	0.8844799621690667	462.2383815739706	12.652634696589077	4.325535367392517	3.0269258339959677	4.306299023687934	2.952986885162293	0.7120688338393668	2.0161376343269963	28.70314908520866	0.07428060920461527	2.3095240401670516	9.0	3.05	3.201835726158238	0.317384783158349	0.40878410458996295	0.8	1.8696300968227713	50.0	315.73480754850726	30.450567222569067	0.0005358370804820352	3.4876224121207473
66	1e-07	0.6445028609963098	542.2285837192417	10.071439769564638	4.234805363519541	2.887017125313702	4.146691370864786	2.0279057146652506	0.8213963343005043	2.0689719566052873	28.141545631774402	0.07770680512695191	2.3941642312173883	9.0	3.05	3.5996660598159598	0.3438027304195442	0.42946096199121847	0.8	1.9990582670620027	50.0	321.68178989206933	30.522073586093768	0.0004786840107530065	3.3266870296969233
67	1e-07	0.5552546031152551	588.2455293915792	9.532123105027136	4.211678742263158	3.101313390163452	4.077218829144323	2.9966293156908996	0.8350284350511872	1.992231391702485	28.535573366359095	0.07014044166794077	2.476198339977889	9.0	3.05	3.604091652280716	0.2774634513374512	0.4429264739171277	0.8	1.934007702618895	50.0	321.7007202742151	30.418184700370222	0.000493396294525827	3.509141400143141
68	1e-07	0.8288493105069016	492.17000595279785	10.412198504463905	4.295371764335507	2.998304383840552	4.164292514357116	3.1302518617706947	0.8161756319509971	2.0933589196346096	28.872764492592125	0.07881958723735497	2.3861973766994042	9.0	3.05	3.345551412074557	0.2978778178962423	0.4169572967524893	0.8	1.8591782661135596	50.0	326.7848295326241	30.365704409129993	0.0005060690253607131	3.7615687744305806
69	1e-07	0.7903322354114357	460.60469952733047	9.049957437208505	4.43498472292368	2.8767179994132754	4.448260579699617	2.424576653127747	0.8761693334446232	1.8881715651542723	28.654587499821407	0.07642367849710864	2.376769474048487	9.0	3.05	3.580616165865532	0.34315045062069777	0.3923804521347199	0.8	2.0929840429366977	50.0	311.4028887408497	30.523258896110473	0.0005035627986354332	3.366212823498721
70	1e-07	1.4551818084989625	366.2940279155007	10.816454674322662	4.020764304706683	3.0871147536747037	4.4598242623295	1.8081712073148979	0.7955327544158132	2.2726907003987424	27.299728011488227	0.07928957354619527	2.6227670311625415	9.0	3.05	3.860455923116832	0.3386990592340657	0.44151684786452455	0.8	1.9739742734750536	50.0	316.88095539574715	30.43859264966009	0.00046495055691345226	3.4714684268530136
71	1e-07	1.0073728678150997	437.18010461049687	11.02210284995311	4.439341369134639	2.969271414680422	4.171196984084502	2.3855324701518237	0.7505686329495528	2.4848573472469218	28.169304731679784	0.08104651153098558	2.501088048166446	9.0	3.05	3.4242686057637353	0.3185675284228349	0.43210559884767485	0.8	1.914583426572086	50.0	318.63169979639514	30.384859162231873	0.0005037600817546275	3.5989529437784906
72	1e-07	0.9582160738035679	459.56298411291203	13.06988728231264	4.214382584773261	3.0824315609475907	3.9678206810209424	3.4746148205227056	0.7515879524014194	2.0242954663379584	29.307216458219745	0.07074037371995004	2.519029296713595	9.0	3.05	3.5395975968984033	0.28207748892596524	0.4164067184670879	0.8	1.8465000399507445	50.0	323.5006685630495	30.445045849611883	0.0005035230454197213	3.703554885076265
73	1e-07	1.0051906596626068	433.7590839178104	8.341785024998842	4.610447655872478	3.105094563150981	4.586267482367571	2.6787789019915946	0.7702503979768862	2.607185907495885	27.867377675656748	0.0778124705043682	2.523777843206686	9.0	3.05	3.337203090196942	0.3158092857999249	0.41077143299481667	0.8	1.8144047464240132	50.0	310.85766566683463	30.389472114478068	0.0005200403285569978	3.6659087045585204
74	1e-07	0.8080500695453904	460.3396026995391	9.605133274461382	3.964860713716651	3.013353919121607	3.6424781137127775	3.155914285066441	0.8159381418214868	1.8063453458539613	29.925364068757094	0.07808608406080195	2.582772719635879	9.0	3.05	3.503582673789256	0.3198054971935133	0.39660145382873735	0.8	2.0423258682145407	50.0	318.23905219429616	30.488101111438557	0.0004910062448467689	3.452749960783909
75	1e-07	1.077508982408392	443.19347077726684	6.767422757433213	4.262693321848435	3.1455125622321165	4.576109555618765	2.4667676182539893	0.9169122223424393	2.2518669091006696	27.350391805526176	0.07665973069408763	2.5604619244772677	9.0	3.05	3.6585718225452415	0.3164742927986275	0.4353533254437536	0.8	1.858306437950654	50.0	329.1850747001552	30.434806228758113	0.0005023948218266472	3.3526498031544274
76	1e-07	0.8568582351785132	491.7797090193994	10.385818477629776	4.184134620813323	2.9159287132397425	4.751891964777398	2.957798534676393	0.7176732527682602	2.5782908254808166	27.821104543246452	0.0698068368541778	2.5088185357924626	9.0	3.05	3.477780575757047	0.2957175545148647	0.4223359711161141	0.8	1.8375489123218716	50.0	319.3852651988261	30.447932157579444	0.0005475909397091838	3.604414338257704
77	1e-07	0.7678817628403182	513.9114546940142	9.898664231009597	4.345358434694805	3.000081060590276	4.510881727426369	2.878982090380123	0.8306456442527443	2.3038665324765373	28.07274902657366	0.07456218983462631	2.5390694593680823	9.0	3.05	3.354216804344103	0.27753733996508057	0.4360922875378976	0.8	1.8485332441957292	50.0	323.4372855434443	30.386211867645812	0.0004921202968127573	3.944651821953786
78	1e-07	1.0208651829764244	442.8143911484666	9.527184150464034	4.2610047492235665	3.0650950803935877	4.71816588278476	2.963818658336195	0.8540617269915642	1.6266756903487172	28.068844645828374	0.07331670218026465	2.5128855422796303	9.0	3.05	3.45517497643676	0.29526009798816183	0.420535470848167	0.8	1.8502600933695958	50.0	322.4232993514551	30.4356462788285	0.000511782903201946	3.67908060727434
79	1e-07	0.8758539171136959	455.9734333248479	11.018899943597466	4.383488364640736	2.9812291388429646	4.058400736261151	2.558071720897771	0.7180239681568401	2.3442443417581162	28.708366955248234	0.07925418205423947	2.612157771456463	9.0	3.05	3.1819683397805343	0.32189633926991923	0.41779928979309566	0.8	1.901223881970107	50.0	313.3554677421257	30.422198128772592	0.000509369434687428	3.6093139540326096
80	1e-07	1.1063532303309567	449.8039338414171	9.378052588920182	4.361985872085152	3.0377393402036583	4.436535021930692	2.731111900265567	0.727202912514898	2.7432643821962475	27.802755073158	0.07855783709750455	2.621242025155409	9.0	3.05	3.4624751704319925	0.30922722170470296	0.43407861884267346	0.8	1.8008598047261104	50.0	330.9868515929812	30.373556490301276	0.0005265298367309102	3.6044472496885067
81	1e-07	0.9117268858440258	465.9197183080592	15.63977725900716	4.275521885162708	3.028939183148069	3.9902303137685124	1.8863038613045133	0.6598128832657338	1.9272742311299114	28.505472454706176	0.08193134431515758	2.692648538716334	9.0	3.05	3.5832450385098014	0.31862924036234674	0.45961433866732226	0.8	2.1380213410613864	50.0	333.1214763638869	30.36570565747537	0.0004476184235972136	3.751878055264407
82	1e-07	0.6948121066359326	530.6337012519032	12.02388870561799	4.025183844438234	2.8528818143503294	4.559868592024023	1.9273332728753878	0.8320259147199309	1.9072230772446874	27.899251285325388	0.07675918497231216	2.480272414477681	9.0	3.05	3.650213916290563	0.32844167614441744	0.4341505297725204	0.8	2.0991889110719364	50.0	327.223113456211	30.494334645955465	0.0004851950470448282	3.3889543957022887
83	1e-07	0.8522274277105536	458.01000138768177	9.224919120652746	4.380305965141167	3.072349241571567	4.202148995158729	2.4307276211766977	0.8265447419337288	1.8857690202689077	28.524259522199184	0.07743365895848096	2.657100291721315	9.0	3.05	3.232198865309193	0.31716044814216293	0.42595171655421493	0.8	2.00260273516045	50.0	317.98415210268394	30.43311729243172	0.000461634848652446	3.649454624931154
84	1e-07	1.0417503381738469	444.57630936560395	9.938919884362022	4.360870114455682	3.006443107595937	3.9146855490585866	2.825637209148986	0.8394775503297581	1.8467706251920881	28.391349971540002	0.07796548029781278	2.519686486358462	9.0	3.05	3.3869551707432373	0.31180006512573033	0.43782460070863805	0.8	1.8324697986668403	50.0	327.40026493547566	30.404197345251635	0.0004667909138567706	3.6188662971929286
85	1e-07	1.05344281347422	438.1614432533226	5.29202849985809	4.431671402036894	3.067228677539176	4.253747058176682	3.2539199633804423	0.8617421353121173	2.209217286352555	28.813541126687443	0.07292383469029005	2.615189110928669	9.0	3.05	3.6699559960308945	0.3145965303243812	0.40501653797558024	0.8	1.8419235321577816	50.0	331.24359583553417	30.456267639023334	0.0005280979956151959	3.5487377626763896
86	1e-07	1.049616207319212	418.83716137103346	5.4604849073260455	4.529841719817472	2.997564120110002	4.08271890821268	3.101659596368638	0.8300990371504416	2.21955337261294	28.864266418090438	0.07279453323865048	2.6101392914254307	9.0	3.05	3.31585853073523	0.28992388587513884	0.4252000214220734	0.8	1.8855885879627454	50.0	323.35513437877023	30.419528850811393	0.0005463731965474001	3.47450442310896
87	1e-07	0.8125868529389491	462.1330959315439	13.792118118189931	4.242329155260607	3.072427350523163	4.6400665959067755	1.8779234117660242	0.766646381198022	2.226850664130536	27.544608262886396	0.07956074868333238	2.554417275073884	9.0	3.05	3.308448020378389	0.3047715013549916	0.4516672487499209	0.8	2.143407128659117	50.0	309.4254235381335	30.390010519060098	0.0005264772775331511	3.669523340546397
88	1e-07	0.8495913765954257	500.6729280586021	13.413823614263944	4.355231664552913	3.021369573411316	4.530997758469954	2.4203500763829773	0.5995806392104822	2.321343114948378	27.966724399151744	0.07566925494882289	2.6942530557421094	9.0	3.05	3.548110147942367	0.3169448876801193	0.43454290160223163	0.8	1.85317624173054	50.0	325.0470709610782	30.43375446348931	0.0004770174387749707	3.68327603759293
89	1e-07	0.9663968370790129	468.42284615558555	10.561802508664819	4.27338613074925	3.009609207049396	4.709841621917647	2.036717872789301	0.7760305742219643	2.2275686839971742	27.48470139753066	0.0777448709713997	2.6773111957689655	9.0	3.05	3.2135110565814466	0.32101628007929844	0.44016291536667196	0.8	1.9364899344009328	50.0	330.6352751257215	30.441478920671415	0.0005352929279325749	3.6888180001381685
90	1e-07	0.9167115687607024	466.66664081965064	9.61849513709387	4.175630004908549	2.9823722072206142	4.447203797182892	2.537843868235533	0.7910961733073933	1.9583348355645973	27.790643529304177	0.08023493989904079	2.387116914517559	9.0	3.05	3.405834554531672	0.2942201351435139	0.45045377463963177	0.8	1.9371561704021252	50.0	326.07334771261924	30.3427533012854	0.0005149588423376128	3.4083359137085414
91	1e-07	1.1229918020644494	387.48141609422413	10.052020715664375	4.211512780591197	3.0010168497834298	4.353092754769083	3.164130866989881	0.8137651858218377	1.9161098705133963	29.215163484643696	0.07292745408486062	2.658383759512791	9.0	3.05	3.309120376548975	0.3049927871723824	0.3863586313957646	0.8	1.950250226842244	50.0	306.87519034691945	30.487733575913026	0.0005411456710493626	3.763255978775412
92	1e-07	1.4027837553306624	365.5702466085827	6.6293127627645525	4.2822836814440945	3.1081164156576206	4.64846608212154	2.3448396857872194	0.9415008378618809	2.176635853719254	27.63813109072064	0.07760717374591296	2.6052082392985363	9.0	3.05	3.4303542844724637	0.3028943616255114	0.4396252082362866	0.8	2.0789944093955057	50.0	325.65341820515494	30.395402013316478	0.0005370266498119701	3.8780385464047886
93	1e-07	0.9705944698493433	446.599023764963	10.91501496807869	4.359833409505595	3.0858737487772747	4.107385065699386	2.916106766133486	0.8140611814912893	1.8816253795587539	28.733630130718353	0.07934425776399112	2.427069665560071	9.0	3.05	3.1962282651360545	0.2918260141160411	0.434096303007937	0.8	1.9191734330840775	50.0	325.5050072597596	30.348311742944183	0.000498142334143337	3.6463482735693726
94	1e-07	0.7705831875068208	469.11650646856543	6.963042181026726	4.388248119454283	3.051450287814284	3.1540727782138482	2.043309339899962	0.729471787746993	2.3125102335362464	29.45040186882557	0.07919281444586254	2.290683911453039	9.0	3.05	3.286659201390423	0.35775078582914727	0.4301046891251058	0.8	2.061532607889396	50.0	322.20052706031936	30.527025647197018	0.0004356013205552564	2.976373365590985
95	1e-07	0.9095340780729152	455.45173448292667	14.716327075208946	4.189238324773886	2.9108544613645164	4.528916449473052	2.9489999144360577	0.7129702006755319	1.6846804716779087	28.921132819850563	0.07402435403479159	2.5971212966623733	9.0	3.05	3.5292108625063663	0.3076515803846495	0.40416368052175417	0.8	1.9393929701346122	50.0	317.85002723989004	30.464592503462395	0.0005128372921377937	3.699022423363644
96	1e-07	1.4714360281617946	355.73693523864563	5.6138474246003085	4.242425208149161	3.00189446401342	4.385829354228972	2.735051990064465	0.7360076937025135	2.6773706588384303	27.743124594383044	0.07271357774928248	2.5996540057264603	9.0	3.05	3.173086952254482	0.33045153525635484	0.4177842105595967	0.8	1.7882833062315544	50.0	310.8217765153368	30.450431885737782	0.0005823907716946027	3.629670644544816
97	1e-07	1.1312080315017174	407.46050114237596	9.704012997179653	4.350127618591631	2.995572894229927	4.2815067873031625	2.6434191928454975	0.7589917266979773	2.714234162136265	28.204136760059917	0.07930550717954175	2.508903348574675	9.0	3.05	3.44320476211798	0.2924870850424462	0.4341149614139764	0.8	1.949049024709329	50.0	316.65991894188227	30.35691260046146	0.0005138483330653241	3.7621600499786827
98	1e-07	1.6819036338405378	347.18764754677846	6.079709288827713	4.3899819768197474	2.8866324177301754	4.511170218479724	3.0426425447111067	0.8292308578308561	1.9791123055970843	28.189775556813743	0.07408693736900904	2.6436589188087303	9.0	3.05	3.4413492428048724	0.2900336896631041	0.43143569870250614	0.8	1.8394551917006954	50.0	329.3762967522286	30.38902332902593	0.0005560851349376179	3.71986038923052
99	1e-07	0.98557828177892	408.245335577349	13.081596006977282	4.4342983933690014	2.7674676301743273	3.964738625943146	2.885886286911778	0.8585641407916176	1.4602186535583381	29.180530016991238	0.07973029140751658	2.3645330776582862	9.0	3.05	3.1638763066489664	0.3014365010128916	0.41909925607209514	0.8	2.069330294851959	50.0	310.7621050868235	30.39013818038514	0.0005145585659583583	3.749972223718751
