# -----------------------------------
# SAS_MoCa Version 1.5.1
# Wed Sep  2 17:12:05 2026
# -----------------------------------
convergence:
thermo:	1
maxcount:	100000
conv_threshold:	4
neg_water_scale:	5
statistics:
scale_MAD_to_std:	False
hist_mincount:	10
# -----------------------------------
datafile:	./POPC_50C_Symmetry2021.dat
save-folder:	RES_POPC-example
qrange:	[0.005, 0.6]
model:	LUV_POPC
temperature-init:	500
target-X2:	1
data-binning:	1
error-scale:	1
iterations:	100
processes:	24
plot-only:	False
state:	0
# -----------------------------------
q	I_data	I_err	I_fit
0.00527718027	0.07412517	0.00584518858	0.0708157077065534
0.00589509545	0.06593432	0.00420839574	0.05217665339063735
0.00651301063	0.054607518	0.00311882321	0.044068128610365215
0.00713092581	0.044579941	0.00248766191	0.04007641585635384
0.00774884099	0.041338273	0.00209743883	0.03712796131555923
0.00836675617	0.035502104	0.00179729521	0.03416201122753399
0.00898467136	0.032234558	0.00157975677	0.031060070231940677
0.00960258654	0.028824129	0.00140850022	0.02800394761476396
0.0102205017	0.02510555	0.00126127097	0.025181575651781533
0.0108384169	0.022081056	0.00114822398	0.02269827534908595
0.0114563321	0.021635813	0.00105140325	0.020579921885058597
0.0120742473	0.019333966	0.000974836486	0.018802581621518873
0.0126921624	0.019210849	0.000919704493	0.017320190325451516
0.0133100776	0.019355749	0.0008521424	0.01608245163592968
0.0139279928	0.01530076	0.000799411188	0.01504380175014461
0.014545908	0.015179024	0.0007679398	0.014166537581093125
0.0151638232	0.014015798	0.000728734631	0.013420885493222434
0.0157817384	0.013264628	0.000686765101	0.012783819494923238
0.0163996535	0.011882358	0.000660169688	0.012237599463880495
0.0170175687	0.012013634	0.000634414433	0.011768453844845605
0.0176354839	0.011273706	0.000610201153	0.01136553803484449
0.0182533991	0.0107256563	0.000593958922	0.011020162517911752
0.0188713143	0.0108489906	0.000571407463	0.010725241121026598
0.0194892294	0.0107653154	0.000552233546	0.010474901641156076
0.0201071446	0.010491994	0.000540839764	0.010264210442149207
0.0207250598	0.0097666428	0.000523334703	0.010088975599214662
0.021342975	0.0095689848	0.000507055535	0.009945602645311644
0.0219608902	0.0100866533	0.000499539007	0.00983098664750929
0.0225788054	0.009799173	0.00048603676	0.009742429224150514
0.0231967205	0.0087142186	0.000472217415	0.009677573259363297
0.0238146357	0.0089831974	0.000466539145	0.009634350446644234
0.0244325509	0.0092322232	0.000453558042	0.009610938580410884
0.0250504661	0.0084650055	0.000445645524	0.009605726166432004
0.0256683813	0.0090555135	0.00044179948	0.00961728294250885
0.0262862964	0.0087276986	0.00043004622	0.00964433508142559
0.0269042116	0.0091371845	0.00042165258	0.00968574425018984
0.0275221268	0.0090067334	0.000415982301	0.00974048977959831
0.028140042	0.0089973029	0.000408464981	0.009807653498946987
0.0287579572	0.0091996778	0.000402372668	0.0098864067461075
0.0293758723	0.0090798534	0.000397328399	0.009975999208885143
0.0299937875	0.008527114	0.000389913989	0.010075749396688689
0.0306117027	0.0099720836	0.00038578179	0.010185036281677832
0.0312296179	0.009469339	0.000382959439	0.01030329220099117
0.0318475331	0.0092793486	0.000376738144	0.01042999664025687
0.0324654483	0.0105944887	0.000372245518	0.010564670842622578
0.0330833634	0.0093981323	0.000368131393	0.01070687308880285
0.0337012786	0.0101768865	0.000367542322	0.010856194689753669
0.0343191938	0.0100320155	0.000373889251	0.01101225626007532
0.034937109	0.0110014803	0.00037598661	0.011174704661904658
0.0355550242	0.0109408056	0.00037381622	0.011343210216766292
0.0361729393	0.0111609091	0.000374627726	0.011517464241327317
0.0367908545	0.0112447124	0.000373974185	0.011697177012045722
0.0374087697	0.01167228	0.000372738796	0.01188207569601532
0.0380266849	0.01128938	0.000371958936	0.012071902780255012
0.0386446001	0.012361831	0.000369783048	0.012266414551123667
0.0392625153	0.0119165092	0.000368799502	0.012465379767649158
0.0398804304	0.0124843342	0.00036760609	0.012668578447431939
0.0404983456	0.0125322496	0.000366464985	0.01287580094616269
0.0411162608	0.0130657588	0.000363231728	0.013086846820457663
0.041734176	0.0132840358	0.000357075275	0.013301524118594539
0.0423520912	0.0131265128	0.000349844271	0.01351964859592173
0.0429700063	0.0136417762	0.000342358339	0.013741043004790213
0.0435879215	0.0137705485	0.000338851009	0.013965536633694034
0.0442058367	0.0142505936	0.000335579255	0.014192964549127676
0.0448237519	0.0143922852	0.000330749341	0.014423167250120156
0.0454416671	0.0147260629	0.000328266731	0.014655990193291446
0.0460595823	0.0146401974	0.000325260661	0.014891283397173539
0.0466774974	0.0153849079	0.000320762225	0.015128901046990197
0.0472954126	0.0152105586	0.000319125675	0.015368701327299332
0.0479133278	0.0163327504	0.000317208306	0.015610545901105383
0.048531243	0.0162903703	0.000313763833	0.015854299801446953
0.0491491582	0.016613318	0.000311902332	0.016099831156654677
0.0497670733	0.0173857237	0.000309178171	0.016347010936643227
0.0503849885	0.0177067693	0.000306449706	0.016595712920260224
0.0510029037	0.0175712469	0.0003053302	0.01684581328096042
0.0516208189	0.0182840204	0.000303744181	0.017097190589150015
0.0522387341	0.0183211046	0.000300915347	0.017349725630152833
0.0528566493	0.0184005203	0.000299715733	0.017603301275875213
0.0534745644	0.0191411493	0.000298393272	0.01785780232775531
0.0547103948	0.0193321153	0.000295478571	0.018369129464634763
0.0559462252	0.0202758963	0.000292578145	0.01888282144072543
0.0571820555	0.0204974562	0.000300827365	0.019398018502473708
0.0584178859	0.0209465967	0.000302915042	0.019913884786287674
0.0596537162	0.0218574469	0.000304903616	0.020429606361703618
0.0608895466	0.0222633387	0.000306833138	0.02094439024786933
0.062125377	0.0229399704	0.000305585765	0.021457463094355693
0.0633612073	0.0235896709	0.000305770712	0.021968070522132663
0.0645970377	0.0235083083	0.000298443807	0.022475476664410195
0.0658328681	0.0238701608	0.000291264145	0.02297896350511509
0.0670686984	0.024824942	0.000286032886	0.02347783073161534
0.0683045288	0.0253194933	0.000282895961	0.02397139569891588
0.0695403592	0.0254104504	0.000280157235	0.02445899312896538
0.0707761895	0.0264152006	0.000277194007	0.024939975255481264
0.0720120199	0.0263289078	0.000273525337	0.02541371202543252
0.0732478502	0.026706866	0.000271816504	0.025879590967779736
0.0744836806	0.0272316424	0.000269685168	0.026337017681623314
0.075719511	0.0279879396	0.000266736234	0.026785415785156964
0.0769553413	0.0280890197	0.000265749905	0.02722422727107815
0.0781911717	0.0283959273	0.00026356904	0.027652912866469995
0.0794270021	0.0289612592	0.000266742647	0.0280709520878422
0.0806628324	0.0292332713	0.000271751518	0.028477843625853528
0.0818986628	0.0295727807	0.000126203021	0.028873105716045597
0.0831344932	0.0299468525	0.000123833858	0.02925627621449464
0.0843703235	0.030330765	0.000122096104	0.029626912968080215
0.0856061539	0.030785941	0.000121174878	0.02998459415784041
0.0868419842	0.0310712485	0.000119680157	0.03032891833737211
0.0880778146	0.031464663	0.000118163737	0.030659504895427493
0.089313645	0.0317781276	0.000117621407	0.03097599407277377
0.0905494753	0.0321163196	0.000117081423	0.03127804724700394
0.0917853057	0.0324489515	0.000116213022	0.03156534717671667
0.0930211361	0.0326469128	0.000115788994	0.031837598009303164
0.0942569664	0.033195414	0.000115136201	0.032094525491495066
0.0954927968	0.0333959262	0.000114095095	0.032335877134238085
0.0967286271	0.0335504805	0.000113883784	0.03256142215365667
0.0979644575	0.0341676677	0.000113054431	0.03277095168516934
0.0992002879	0.0340428636	0.00011154837	0.032964278684544004
0.100436118	0.0340672128	0.000110669672	0.0331412379667965
0.101671949	0.0340499405	0.000110351818	0.03330168640778179
0.102907779	0.0345071189	0.000109823515	0.03344550229068135
0.104143609	0.0346361119	0.000109298256	0.03357258601623299
0.10537944	0.0346573977	0.000108918524	0.033682859564572364
0.10661527	0.0346074894	0.000107969359	0.0337762661584756
0.1078511	0.0344771641	0.000107296861	0.03385277064172634
0.109704846	0.0347018416	7.82198265e-05	0.033935810857523924
0.111558592	0.0347988654	7.76128259e-05	0.03398083507957986
0.113412337	0.0347263493	7.79273066e-05	0.03398798809407561
0.115266083	0.0346675773	7.84819452e-05	0.033957516739827144
0.117119828	0.034651159	7.87599549e-05	0.0338897675066017
0.118973574	0.0346051187	7.89896077e-05	0.033785183704975554
0.120827319	0.0343701637	7.89365883e-05	0.033644302795002926
0.122681065	0.0341734473	7.88770972e-05	0.03346775272287931
0.12453481	0.0339575658	7.87583158e-05	0.03325624907661674
0.126388556	0.0336181052	7.86733181e-05	0.03301059065212868
0.128242301	0.0333067266	7.85803606e-05	0.03273165648226654
0.130096047	0.0330136534	7.85728721e-05	0.03242040070512361
0.131949793	0.0326290087	7.96991735e-05	0.03207784932311583
0.133803538	0.0323332042	8.11847817e-05	0.03170509541982133
0.135657284	0.0318656179	8.16820357e-05	0.03130329393224143
0.137511029	0.0315112662	8.17991473e-05	0.03087365842569809
0.139364775	0.0310053045	8.08793344e-05	0.030417454586465293
0.14121852	0.0305338214	7.95175581e-05	0.029935997209808184
0.143072266	0.0300798765	7.88196891e-05	0.029430643303549053
0.144926011	0.0293488951	7.80848595e-05	0.02890278918188184
0.146779757	0.0287517976	7.77192755e-05	0.02835386327624818
0.148633502	0.0281770332	7.78727212e-05	0.02778532338505647
0.150487248	0.0276773494	7.78389849e-05	0.02719864928879839
0.152340993	0.0270944042	7.76954462e-05	0.02659534020309532
0.154194739	0.0265959274	7.86324416e-05	0.02597690729397129
0.156048485	0.0257683903	8.02413918e-05	0.025344871033761724
0.15790223	0.0251903415	8.1307849e-05	0.02470075543169558
0.159755976	0.0245479927	8.21332107e-05	0.02404608222176195
0.161609721	0.0239102553	8.20712004e-05	0.02338236867684428
0.164081382	0.0229112405	6.60879549e-05	0.022485954881588093
0.166553043	0.0220665817	6.4819048e-05	0.021579672198219345
0.169024703	0.0212496744	6.41053747e-05	0.020666984180935488
0.171496364	0.0203109877	6.34600154e-05	0.01975127216454385
0.173968025	0.0194560952	6.28636792e-05	0.018835821661229418
0.176439686	0.0184465065	6.22633301e-05	0.01792380613035286
0.178911346	0.0174690403	6.17570906e-05	0.01701827408807723
0.181383007	0.0165228036	6.14344335e-05	0.016122135206731666
0.183854668	0.0156468164	6.10585772e-05	0.015238151307763454
0.186326328	0.0147650188	6.05610004e-05	0.01436892529951362
0.188797989	0.0139778281	6.01823309e-05	0.013516891494658406
0.19126965	0.0132413407	5.9807503e-05	0.012684310379576336
0.193741311	0.0123800546	5.9396093e-05	0.011873261172093346
0.196212971	0.011592708	5.90523339e-05	0.011085637772497254
0.198684632	0.0107008977	5.86947664e-05	0.010323144079735357
0.201156293	0.0099576253	5.82128021e-05	0.009587293764161887
0.203627954	0.00923776034	5.78412505e-05	0.008879408091710148
0.206099614	0.00853510029	5.75067854e-05	0.008200616837861961
0.208571275	0.00784924417	5.70976272e-05	0.00755185869135997
0.211042936	0.00719754697	5.68298009e-05	0.006933885510838788
0.213514596	0.00653650421	5.64005586e-05	0.006347265114055194
0.216604172	0.00584966534	4.8498493e-05	0.0056586537584244635
0.219693748	0.00523086668	4.8121803e-05	0.005020003048922418
0.222783324	0.00453437726	4.77751297e-05	0.004431287394534734
0.2258729	0.00396683513	4.74583629e-05	0.0038921001563850355
0.228962476	0.00346930499	4.72110567e-05	0.003401679085677401
0.232052052	0.00300689311	4.70104201e-05	0.002958933908529644
0.235141628	0.00259694206	4.6725865e-05	0.0025624756625089637
0.238231204	0.00212776683	4.64941215e-05	0.002210647388228814
0.24132078	0.00181342413	4.62932658e-05	0.0019015557826267283
0.244410356	0.00160836502	4.60676594e-05	0.0016331034282856805
0.247499931	0.00138047414	4.5901204e-05	0.0014030212936236353
0.250589507	0.00115954204	4.60830008e-05	0.0012089007237389635
0.253679083	0.0010647466	4.73452991e-05	0.0010482256681605393
0.256768659	0.000858677822	4.89319576e-05	0.0009184033434243695
0.259858235	0.000629968422	4.89569311e-05	0.0008167941846347716
0.262947811	0.000626041311	4.78008859e-05	0.0007407403520634404
0.266037387	0.000701512033	4.70203634e-05	0.0006875926392144972
0.269126963	0.000676548178	4.66421218e-05	0.0006547355789104572
0.272834454	0.000589339064	4.15881092e-05	0.000638493529657215
0.276541945	0.000652289827	4.14120744e-05	0.0006435201805181112
0.280249436	0.000714702245	4.12025087e-05	0.0006657533189246756
0.283956927	0.000760020155	4.10527766e-05	0.000701377413646701
0.287664418	0.000769227655	4.09419546e-05	0.0007468559176726696
0.291371909	0.000779845727	4.07592229e-05	0.0007989565610781154
0.2950794	0.000822227327	4.04744005e-05	0.000854769751734228
0.298786892	0.000980101273	4.02126686e-05	0.0009117203259224355
0.302494383	0.00103123225	4.00648439e-05	0.000967572880989419
0.306201874	0.00103624868	4.0602923e-05	0.0010204313320650524
0.309909365	0.00110440065	4.10141342e-05	0.0010687328655559496
0.313616856	0.00114818694	4.06729756e-05	0.0011112370630534736
0.317324347	0.00121475163	4.05190468e-05	0.0011470106896824294
0.321031838	0.00119842765	4.04499795e-05	0.0011754087801362694
0.325357244	0.00123308622	3.68348872e-05	0.0011987265174740122
0.329682651	0.00126297982	3.69718863e-05	0.0012113108773897817
0.334008057	0.00121077255	3.71830425e-05	0.0012133640390454528
0.338333463	0.00120706791	3.71668758e-05	0.0012054198217797119
0.342658869	0.00126976917	3.70505081e-05	0.0011882831492842593
0.346984276	0.00123469144	3.71595375e-05	0.0011629700733470775
0.351309682	0.00117870949	3.85822145e-05	0.0011306497764117201
0.355635088	0.00113350425	4.02117178e-05	0.0010925896830603424
0.359960495	0.00108006708	3.98243293e-05	0.0010501048089096418
0.364285901	0.00105341579	3.88085114e-05	0.0010045121376705613
0.368611307	0.000924631215	3.84580548e-05	0.0009570905134249292
0.372936713	0.000850304846	3.81022695e-05	0.0009090466420694916
0.37726212	0.000873088046	3.7743725e-05	0.0008614872505168995
0.382205441	0.000783843433	3.47786055e-05	0.0008089845390112703
0.387148763	0.000724070407	3.47340775e-05	0.0007596470784725358
0.392092084	0.00072466452	3.4650852e-05	0.0007144737552966172
0.397035405	0.00068674382	3.45845083e-05	0.0006742057607135997
0.401978727	0.0006413674	3.45141113e-05	0.0006393308764848709
0.406922048	0.000571906133	3.44447665e-05	0.000610096718075613
0.41186537	0.000526774813	3.44128879e-05	0.000586531220273219
0.416808691	0.000518866867	3.4396361e-05	0.0005684688026751008
0.421752013	0.000491571833	3.43986321e-05	0.0005555803324838704
0.426695334	0.00053115002	3.43708351e-05	0.0005474054108541007
0.431638656	0.000494610473	3.43448356e-05	0.0005433853626620203
0.437199892	0.0004762693	3.21510494e-05	0.0005430500291482539
0.442761129	0.000576755518	3.21981507e-05	0.0005462421791567254
0.448322365	0.000631184647	3.33004789e-05	0.000552015818013568
0.453883602	0.000612831353	3.41627616e-05	0.0005594618062739207
0.459444839	0.000607991812	3.36207479e-05	0.0005677430728915125
0.465006075	0.000592666206	3.3264562e-05	0.0005761213656329573
0.470567312	0.000622937094	3.32686418e-05	0.0005839755097383198
0.476128549	0.000629079953	3.3289894e-05	0.0005908115445680583
0.481689785	0.000587716306	3.33613733e-05	0.0005962654868326764
0.487868937	0.000618846274	3.16301256e-05	0.0006004194209490242
0.494048089	0.000656815037	3.18656363e-05	0.0006024194131664682
0.500227241	0.000654590179	3.21824593e-05	0.0006022647928002554
0.506406393	0.000650301521	3.2779583e-05	0.0006000839928180073
0.512585544	0.000647298279	3.36151297e-05	0.000596104621263852
0.518764696	0.000618322721	3.43313072e-05	0.0005906230994505557
0.524943848	0.000620743289	3.49146307e-05	0.0005839757243900166
0.531123	0.000645960432	3.557158e-05	0.0005765125894338099
0.537302152	0.000581210374	3.62925479e-05	0.0005685753981134346
0.544099219	0.000501847271	3.52074962e-05	0.0005596725458516453
0.550896286	0.000511593871	3.6049115e-05	0.000550942114397214
0.557693353	0.000547954133	3.69047993e-05	0.00054267912526286
0.56449042	0.000548125462	3.80073655e-05	0.0005351031094977388
0.571287487	0.000493956233	3.94404515e-05	0.0005283589044591709
0.578084554	0.000557853362	4.09982059e-05	0.0005225224424491073
0.584881621	0.000587201957	4.28276517e-05	0.0005176100738928754
0.591678688	0.000500670295	4.48514718e-05	0.0005135900045420232
0.59909367	0.000518585865	4.57804356e-05	0.0005101419288798817
