# -----------------------------------
# SAS_MoCa Version 1.5.2
# Fri Sep  4 16:39:00 2026
# -----------------------------------
convergence:
thermo:	1
maxcount:	100000
conv_threshold:	4
neg_water_scale:	5
statistics:
scale_MAD_to_std:	False
hist_mincount:	10
# -----------------------------------
datafile:	./POPC_50C_Symmetry2021.dat
save-folder:	RES_POPC-example
qrange:	[0.005, 0.6]
model:	LUV_POPC
temperature-init:	500
target-X2:	1
data-binning:	1
error-scale:	1
iterations:	100
processes:	24
plot-only:	False
state:	0
# -----------------------------------
# Probabilities of finding a quasimolecular group at a position z (Angstrom) (distance from the bilayer center).
# SLD column: SLD contrast (difference from suspension medium) as a function of z; unit Angstrom^-2.
# -----------------------------------
z	CH3	CH	CH2	CG	PCN	Chol	BW	SLD
0.0	0.3801519927393854	0.0011364196041138276	0.6187115684369595	3.225536223228633e-11	4.309709934122091e-12	7.856074163499982e-15	9.573197717661387e-09	-2.6264374383823287e-06
0.1013828771025122	0.37998312397036094	0.001252844114102438	0.6187640121853727	4.413578502204772e-11	5.58760945005648e-12	1.0235719867224637e-14	1.2077718689962248e-08	-2.6257973017265266e-06
0.2027657542050244	0.37947696761306	0.00137967087927484	0.6191433402218196	6.026319849150919e-11	7.234465480657654e-12	1.3320906625734376e-14	1.5213019023109555e-08	-2.624043648885336e-06
0.3041486313075366	0.37863487151924363	0.0015176586419475815	0.6198474458798368	8.210807901427998e-11	9.353825367937459e-12	1.731616647017446e-14	1.9131459631266344e-08	-2.621180334883581e-06
0.4055315084100488	0.3774590754624066	0.001667603667186553	0.6208732929970371	1.1163284562026242e-10	1.2077428347637955e-11	2.2483933708061446e-14	2.402052849906262e-08	-2.6172141109285652e-06
0.5069143855125611	0.37595270121195873	0.0018303398049003352	0.622216925773955	1.5145042272709148e-10	1.557263429811619e-11	2.916053017020897e-14	3.0110521952512445e-08	-2.6121545918153152e-06
0.6082972626150732	0.37411973872340654	0.0020067383405301797	0.6238734827261236	2.0503187102417388e-10	2.0051741788900052e-11	3.777644718915116e-14	3.7683806551938996e-08	-2.606014210752183e-06
0.7096801397175854	0.371965028530038	0.0021977076144987593	0.6258372146634992	2.769776016998598e-10	2.5783657602007004e-11	4.88820467096242e-14	4.708596215380524e-08	-2.598808161901504e-06
0.8110630168200976	0.3694942404448659	0.002404192390505435	0.6281015066080924	3.7337077103790424e-10	3.310848818965601e-11	6.318008824962132e-14	5.8739161173223984e-08	-2.590554331006179e-06
0.9124458939226099	0.3667138487039838	0.0026271729528584225	0.6306589035380891	5.022366174064096e-10	4.24557559940876e-11	8.156684240828699e-14	7.315819884017769e-08	-2.5812732145462776e-06
1.0138287710251221	0.3636311037038398	0.002867663913329843	0.633501139825007	6.741380192750904e-10	5.436710529176891e-11	1.051839917102168e-13	9.096965861396573e-08	-2.5709878279393816e-06
1.1152116481276342	0.3602540005050876	0.0031267127085236176	0.63661917220968	9.029457507760466e-10	6.952455934684226e-11	1.354840659736452e-13	1.1293477750922435e-07	-2.5597236033639396e-06
1.2165945252301464	0.356591244294473	0.0034053977694730253	0.6400032161432276	1.2068321938295452e-09	8.878563047149037e-11	1.7431283682469312e-13	1.399766658170068e-07	-2.547508277845776e-06
1.3179774023326587	0.3526522130135114	0.0037048263461476483	0.6436427853007802	1.609550124758001e-09	1.1322687580471629e-10	2.2401293470229814e-13	1.7321264084772057e-07	-2.534371772303689e-06
1.4193602794351707	0.34844691737839734	0.004026131970760225	0.6475267340587028	2.1420742259560317e-09	1.4419784460186595e-10	2.875539886538118e-13	2.139925497195287e-07	-2.5203460623003298e-06
1.520743156537683	0.34398595852953084	0.004370471545232416	0.6516433027104797	2.8447029024521323e-09	1.8338778988371575e-10	3.686958694603179e-13	2.639440898461513e-07	-2.505465041288863e-06
1.6221260336401953	0.33928048356117113	0.0047390220399127795	0.6559801651823982	3.769742680535776e-09	2.329080330093275e-10	4.721931950041169e-13	3.2502628414674265e-07	-2.4897643771840536e-06
1.7235089107427075	0.3343421391919484	0.005132976792645553	0.6605244789977294	4.98492797748829e-09	2.953934913508858e-10	6.040511999763933e-13	3.9959243387416974e-07	-2.4732813631180073e-06
1.8248917878452198	0.3291830238452201	0.005553541399568621	0.6652629372273529	6.5777666094416e-09	3.741276270950962e-10	7.718454609505701e-13	4.904640584499651e-07	-2.456054763265698e-06
1.9262746649477318	0.32381563841451694	0.006001929191572384	0.6701818221557024	8.661047539330371e-09	4.731959732032764e-10	9.85120900589755e-13	6.010175354022087e-07	-2.4381246546434997e-06
2.0276575420502443	0.31825283599354914	0.006479356293176119	0.6752670603835695	1.1379803827168943e-08	5.976744688246477e-10	1.2558890899770348e-12	7.352853825110389e-07	-2.4195322657950327e-06
2.1290404191527563	0.3125077708524433	0.006987036263667327	0.6805042790836999	1.4920092619003105e-08	7.538601238810084e-10	1.5992472691001865e-12	8.980743707361503e-07	-2.4003198132828433e-06
2.2304232962552684	0.3065938469420569	0.007526174323692966	0.6858788631212343	1.9520037754583818e-08	9.495530695775445e-10	2.0341478852768194e-12	1.0951029282067418e-06	-2.3805303369016274e-06
2.331806173357781	0.30052466620641205	0.008097961174075262	0.6913760127488703	2.548368206135762e-08	1.1944008830670382e-09	2.584354015954051e-12	1.3331605912429425e-06	-2.36020753451919e-06
2.433189050460293	0.29431397697953743	0.008703566417431358	0.6969808015861315	3.3198318981979595e-08	1.5003182525240073e-09	3.2796240461480663e-12	1.6202925707069033e-06	-2.339395597435008e-06
2.534571927562805	0.2879756227373856	0.009344131597183834	0.7026782345932432	4.3156120735416e-08	1.8819976339287153e-09	4.1571787122103635e-12	1.9660128443845465e-06	-2.3181390471235675e-06
2.6359548046653174	0.2815234914680688	0.010020762872731752	0.7084533057528339	5.598105721377088e-08	2.357529612864916e-09	5.263515462614355e-12	2.3815495384860088e-06	-2.296482574200656e-06
2.7373376817678294	0.27497146591453103	0.010734523353881087	0.7142910551768724	7.246231140263688e-08	2.9491553043181e-09	6.656649453724204e-12	2.88012674165674e-06	-2.2744708804159442e-06
2.8387205588703415	0.2683333749330515	0.011486425122073608	0.7201766253618953	9.359564913871165e-08	3.684177393724006e-09	8.408877908436698e-12	3.4772872785656528e-06	-2.2521485244347035e-06
2.940103435972854	0.2616229461987723	0.012277420970469214	0.7260953163225643	1.2063450012590354e-07	4.596061449995562e-09	1.0610185631545337e-11	4.191261373414818e-06	-2.229559772125872e-06
3.041486313075366	0.25485376047589275	0.013108395899485504	0.732032639341825	1.551528608041651e-07	5.725765048015114e-09	1.337243492782828e-11	5.043386530782465e-06	-2.2067484520232815e-06
3.1428691901778785	0.24803920765540807	0.013980158408937338	0.7379743690853531	1.9912254628156526e-07	7.123339163448048e-09	1.6834513874934718e-11	6.05858436258993e-06	-2.183757816572062e-06
3.2442520672803905	0.24119244474744117	0.014893431632399147	0.7439065938384326	2.550078074110462e-07	8.849854405296705e-09	2.116865389261226e-11	7.265900472380358e-06	-2.1606304097136877e-06
3.3456349443829025	0.2343263559984697	0.01584884436378585	0.7498157636348505	3.258809004888992e-07	1.0979714111328711e-08	2.6588172041941217e-11	8.699113868555246e-06	-2.1374079413010922e-06
3.447017821485415	0.22745351528624372	0.01684692203036001	0.7556887360596812	4.1556286220427735e-07	1.3603427351977735e-08	3.3356946924589114e-11	1.0397422700467892e-05	-2.114131168770458e-06
3.548400698587927	0.2205861509270814	0.01788807767037096	0.7615128195208973	5.287945135499306e-07	1.6830927699148426e-08	4.1801001134125175e-11	1.2406213382694909e-05	-2.090839786429054e-06
3.6497835756904395	0.21373611301167725	0.018972602977260642	0.7672758137984574	6.714436064682079e-07	2.0795538475689155e-08	5.232263994376711e-11	1.477792036975903e-05	-2.0675723226493936e-06
3.7511664527929516	0.2069148433667199	0.02010065947577413	0.772966047693809	8.50755049892376e-07	2.5658702398339653e-08	6.541768765532783e-11	1.757298395387017e-05	-2.0443660451895857e-06
3.8525493298954636	0.2001333482206516	0.021272269898336728	0.7785724136174985	1.0756523220269024e-06	3.161561338464421e-08	8.169647255058329e-11	2.08609134537636e-05	-2.0212568747884272e-06
3.953932206997976	0.19340217363295883	0.022487309832647392	0.7840843989677299	1.357099508094856e-06	3.8901911171897476e-08	1.0190934192274846e-10	2.472146301696504e-05	-1.998279307112153e-06
4.055315084100489	0.18673138372761783	0.023745499713538655	0.7894921141681392	1.7085349124201786e-06	4.7801625691869094e-08	1.2697764401688358e-10	2.9245926951793313e-05	-1.9754663430582127e-06
4.156697961203	0.18013054175286114	0.025046397233714306	0.7947863172487379	2.146388895455122e-06	5.865658829846364e-08	1.5803129830475322e-10	3.453856099585288e-05	-1.9528494273504256e-06
4.258080838305513	0.1736086939714313	0.02638939024895095	0.7999584348697809	2.6907004944019326e-06	7.187756144000805e-08	1.9645429452595986e-10	4.0718135196436015e-05	-1.9304583952899236e-06
4.359463715408025	0.16717435636805825	0.027773690253693733	0.8050005797042418	3.365849513405284e-06	8.795737773272682e-08	2.439397203504814e-10	4.79196230790907e-05	-1.9083214274576433e-06
4.460846592510537	0.1608355041441616	0.02919832650265176	0.8099055641105187	4.201423127040032e-06	1.07486424203909e-07	3.0255622433308695e-10	5.6296030489299085e-05	-1.8864650120973753e-06
4.562229469613049	0.15459956395384641	0.030662140852970286	0.8146669100429423	5.2332386374850615e-06	1.3117085835778904e-07	3.748281831207532e-10	6.602036586437065e-05	-1.8649139148437494e-06
4.663612346715562	0.14847340882022367	0.03216378339979788	0.8192788551635409	6.504546866318417e-06	1.5985400034908115e-07	4.6383226898929465e-10	7.728775169999365e-05	-1.8436911553973904e-06
4.764995223818073	0.14246335565702975	0.03370170897555639	0.8237363551343356	8.067443746687081e-06	1.9454141065257766e-07	5.733136165170183e-10	9.03176745789158e-05	-1.8228179906902308e-06
4.866378100920586	0.1365751653075199	0.03527417457994604	0.8280350820851446	9.984521005364512e-06	2.3643023596438503e-07	7.078253779847448e-10	0.00010535636830173904	-1.8023139040278194e-06
4.967760978023098	0.13081404500072707	0.036879237803671784	0.8321714192674572	1.2330790374567082e-05	2.8694348847948137e-07	8.728961502167071e-10	0.00012267932136946692	-1.7821965996428073e-06
5.06914385512561	0.12518465311445917	0.03851475630406445	0.8361424519203947	1.5195919529598641e-05	3.477700160219073e-07	1.0752305674477018e-09	0.000142593896294318	-1.7624820020448644e-06
5.170526732228122	0.11969110612489182	0.040178388385201214	0.8399459543900989	1.8686821879742252e-05	4.209110236560164e-07	1.3229493041959568e-09	0.00016544204394705435	-1.7431842595074029e-06
5.271909609330635	0.11433698761433006	0.04186759472882605	0.843580373559065	2.293064640412257e-05	5.087341223082793e-07	1.6258758404949994e-09	0.00019160309137057163	-1.7243157509909715e-06
5.373292486433146	0.10912535920166389	0.04357964131536399	0.847044808656995	2.8078217866152603e-05	6.140360075292643e-07	1.9958786336524712e-09	0.00022149657622040265	-1.7058870957673004e-06
5.474675363535659	0.10405877325424465	0.045311603566649164	0.8503389875396858	3.430798188947847e-05	7.401150127850386e-07	2.4472788437868255e-09	0.0002555850952360621	-1.687907164977143e-06
5.576058240638171	0.09913928723534354	0.04706037173369826	0.853463239537284	4.183051344839812e-05	8.908549375435381e-07	2.9973355063309324e-09	0.000294377127950384	-1.6703830943295602e-06
5.677441117740683	0.09436847953800187	0.048822657544013236	0.8564184649879762	5.089365121194014e-05	1.070821721851475e-06	3.6668220692552044e-09	0.00033842979025108626	-1.6533202971305815e-06
5.778823994843195	0.08974746665392477	0.05059500211355809	0.8592061015878236	6.178832375913749e-05	1.2853747269784779e-06	4.480710556369479e-09	0.00038835146549568594	-1.6367224768157054e-06
5.880206871945708	0.08527692152505519	0.05237378511879701	0.8618280877020221	7.485513680900091e-05	1.5407945868717455e-06	5.4689823262687575e-09	0.00044480425374658004	-1.6205916381539202e-06
5.98158974904822	0.08095709292555821	0.05415523521409128	0.8642868227973798	9.04917931164228e-05	1.844429818361396e-06	6.6675875205236825e-09	0.0005085061724476722	-1.6049280962914754e-06
6.082972626150732	0.07678782572308811	0.055935441669413964	0.8665851251702454	0.00010916141838710074	2.2048646199076427e-06	8.119578892036386e-09	0.0005802330346659838	-1.589730482812044e-06
6.1843555032532445	0.07276858187034287	0.05771036719285574	0.8687261871585139	0.00013140186725132876	2.632110549655924e-06	9.876449839386296e-09	0.0006608199240362008	-1.574995748006912e-06
6.285738380355757	0.06889846198097098	0.059475861891858474	0.8707135280406506	0.0001578360827780261	3.137825053938814e-06	1.1999711217201668e-08	0.0007511621789762776	-1.560719158575193e-06
6.3871212574582685	0.06517622734780508	0.061227678316632304	0.8725509448389163	0.00018918358095721001	3.735560117173132e-06	1.4562746925968331e-08	0.0008522157928243274	-1.546894290010446e-06
6.488504134560781	0.0616003222660945	0.06296148751889445	0.8742424612580993	0.0002262731277647648	4.441044623098423e-06	1.765299449581873e-08	0.0009649971315286984	-1.5335130129775273e-06
6.5898870116632935	0.058168896529804046	0.06467289604902123	0.8757922750050495	0.0002700566705676914	5.272504354906017e-06	2.1374503965798615e-08	0.0010905818666975303	-1.5205654730427005e-06
6.691269888765805	0.05487982797506902	0.06635746380504223	0.8772047037481089	0.00032162457744169506	6.2510239170398285e-06	2.5850936431075274e-08	0.001230103019483341	-1.5080400631920232e-06
6.792652765868318	0.05173074495146403	0.06801072263773182	0.8784841299890692	0.00038222222716286847	7.4009552328824095e-06	3.122907280454423e-08	0.0013847480102646566	-1.4959233886586146e-06
6.89403564297083	0.048719048608773075	0.06962819560747735	0.8796349451335254	0.00045326797891148533	8.750377658230264e-06	3.768291374680456e-08	0.0015557546107382006	-1.4842002236795326e-06
6.995418520073342	0.04584193489436268	0.07120541678072896	0.8806614930582937	0.000536372533809681	1.033161514788831e-05	4.5418463502120756e-08	0.0017444056991902063	-1.4728534599183872e-06
7.096801397175854	0.04309641616397839	0.07273795144675745	0.881568013486867	0.000633359680047774	1.2181816318704017e-05	5.467930369308232e-08	0.001952022726722402	-1.4618640464212445e-06
7.198184274278367	0.04047934231673184	0.07422141662925931	0.8823585854955472	0.000746288389308803	1.4343603663031232e-05	6.57530781417236e-08	0.0021799578124053203	-1.4512109211213937e-06
7.299567151380879	0.037987421373142954	0.07565150176213331	0.8830370714837926	0.0008774762042929053	1.686579857729281e-05	7.89790266820779e-08	0.0024295843990256544	-1.4408709340735024e-06
7.400950028483391	0.035617239423282765	0.07702398939458681	0.8836070619523011	0.0010295238252430196	1.980422927547796e-05	9.475672490452405e-08	0.002702286418574199	-1.430818762779738e-06
7.502332905585903	0.03336527988025353	0.07833477578767652	0.8840718214412634	0.0012053407674207143	2.3222629050631208e-05	1.1355620803619045e-07	0.002999445938111005	-1.421026820169425e-06
7.603715782688416	0.03122794198238445	0.07957989126250266	0.8844342359888643	0.0014081719214979302	2.7193632721257754e-05	1.3592968093818087e-07	0.003322429282326422	-1.411465156009183e-06
7.705098659790927	0.0292015584955503	0.08075552015959862	0.8846967624763193	0.0016416248049369306	3.179987944565328e-05	1.62525042727819e-07	0.0036725716590765593	-1.4021013527513855e-06
7.80648153689344	0.02728241257488312	0.08185802026961969	0.8848613802302945	0.0019096972448573528	3.71352303959651e-05	1.9410148406371277e-07	0.004051160348424415	-1.3929004170737208e-06
7.907864413995952	0.025466753752793794	0.08288394159725126	0.884929545256262	0.0022168051819918123	4.3306110044713584e-05	2.3154744792734822e-07	0.004459416554153161	-1.383824668619776e-06
8.009247291098465	0.02375081302760319	0.0838300443233297	0.8849021474769743	0.0025678102316030126	5.043298001783346e-05	2.7590128107246173e-07	0.004898476059115951	-1.3748336277173302e-06
8.110630168200977	0.02213081703416445	0.08469331583448904	0.8847794713485965	0.0029680465813164544	5.865195459721462e-05	3.283749434778399e-07	0.0053693688717913555	-1.365883904124405e-06
8.212013045303488	0.020603001284602327	0.0854709866951852	0.8845611602228619	0.003423346748511037	6.811656699830658e-05	3.9038118742358693e-07	0.005872998100516646	-1.3569290891292209e-06
8.313395922406	0.019163622473671697	0.08616054544367026	0.8842461848167403	0.0039400656621645	7.899969548964317e-05	4.635646665137301e-07	0.006410118343412043	-1.3479196536047164e-06
8.414778799508513	0.017808969849223595	0.08675975210133625	0.8838328161412917	0.004525102476994327	9.149565824517694e-05	5.498374883899823e-07	0.0069813139351711994	-1.3388028548860193e-06
8.516161676611025	0.016535375653840015	0.08726665029375852	0.8833186032284388	0.00518591947265344	0.00010582248551027949	6.514197833220112e-07	0.0075869774456803485	-1.329522655594513e-06
8.617544553713538	0.015339224648847362	0.08767957789166039	0.8827003559781493	0.005930557339071822	0.0001222243772005466	7.708859246121008e-07	0.008227288878695945	-1.3200196577685015e-06
8.71892743081605	0.014216962736629413	0.08799717609080765	0.8819741334288207	0.006767646102363123	0.00014097435342100222	9.11217106099308e-07	0.00890219607024871	-1.3102310558710282e-06
8.820310307918561	0.013165104701430947	0.08821839686141818	0.8811352377303684	0.007706410905745067	0.00016237710457333798	1.0758610572559926e-06	0.00961139683459956	-1.3000906124226687e-06
8.921693185021073	0.012180241092668652	0.08834250870993278	0.8801782140725442	0.008756671828459937	0.00018677204669176312	1.2687997576800657e-06	0.01035432344886649	-1.2895286601433723e-06
9.023076062123586	0.01125904427815269	0.08836910070881661	0.8790968567902919	0.009928836904601376	0.00021453658639527818	1.4946261004101133e-06	0.011130130104202903	-1.2784721345745317e-06
9.124458939226098	0.010398273697571467	0.08829808476332231	0.8778842218334635	0.011233887494965492	0.000246089598347636	1.758630547599218e-06	0.011937683979865846	-1.2668446411824013e-06
9.225841816328611	0.009594780349118101	0.08812969609771563	0.876532645749997	0.012683355170442036	0.0002818951163585903	2.066898922797234e-06	0.012775560614898198	-1.2545665609086705e-06
9.327224693431123	0.008845510544248132	0.08786449195720801	0.8750337712897897	0.014289289286884513	0.00032246623722519536	2.4264225914723675e-06	0.013642044258670813	-1.2415551980258159e-06
9.428607570533634	0.008147508967271252	0.08750334853562099	0.8733785796911051	0.01606421447056855	0.00036836923408551883	2.8452223954398836e-06	0.014535133874470266	-1.2277249739666378e-06
9.529990447636147	0.007497921077811317	0.08704745615248843	0.8715574296626349	0.018021077291817324	0.00042022787342691766	3.3324878274631613e-06	0.01545255544806139	-1.2129876705228508e-06
9.631373324738659	0.00689399489513846	0.08649831271674865	0.869560103022553	0.02017318148345768	0.0004787279269474075	3.898733059256771e-06	0.016391781214258	-1.197252725441492e-06
9.732756201841172	0.006333082204004478	0.08585771552725684	0.8673758569013584	0.022534111161494716	0.0005446218662053361	4.5559715691458554e-06	0.017350056357772543	-1.1804275829863244e-06
9.834139078943684	0.005812639221921107	0.08512775147293011	0.8649934823583953	0.025117641628412103	0.0006187337244068878	5.317911254285734e-06	0.018324433669064662	-1.1624181014720735e-06
9.935521956046196	0.005330226767831822	0.08431078570730124	0.8624013692030991	0.027937637485064868	0.0007019641057747888	6.200172056041546e-06	0.019311816540969216	-1.1431290191217979e-06
10.036904833148709	0.0048835099718664956	0.0834094488834878	0.8595875767517647	0.03100793794498763	0.0007952953187216374	7.220528275126733e-06	0.020309010577393694	-1.1224644788436492e-06
10.13828771025122	0.004470257565357513	0.08242662304597402	0.8565399101895149	0.034342229434325904	0.0008997966045298462	8.399177904483175e-06	0.02131278395158816	-1.100328611676704e-06
10.239670587353732	0.004088340789560906	0.08136542628505894	0.8532460021457973	0.037953905770165566	0.0010166294284357073	9.759041461535227e-06	0.022319936499208125	-1.0766261777229625e-06
10.341053464456245	0.00373573196059042	0.08022919626825893	0.8496933990308251	0.04185591643783377	0.0011470527949524727	1.1326092956033909e-05	0.02332737736191456	-1.0512632623731306e-06
10.442436341558757	0.003410502726959998	0.07902147277029542	0.8458696516205984	0.046060603731194825	0.001292428543979013	1.3129725783662901e-05	0.02433221081248521	-1.024148024559184e-06
10.54381921866127	0.0031108220548648666	0.077745979329486	0.8417624093202631	0.050579529775849175	0.0014542265787659656	1.5203156487087189e-05	0.025331829694806237	-9.951914926416023e-07
10.645202095763782	0.0028349539749351472	0.07640660416334616	0.8373595174803554	0.055423294719629076	0.0016340299711984213	1.7583869473114923e-05	0.026324015704715546	-9.643084023805958e-07
10.746584972866293	0.002581255122691227	0.07500738047996179	0.8326491170887039	0.06060134764343385	0.001833539884158592	2.0314105914746736e-05	0.027307045524090433	-9.314180702684088e-07
10.847967849968805	0.002348172103337463	0.07355246632419615	0.8276197461132666	0.0661217920132835	0.002054580245018259	2.3441400197457233e-05	0.02827980160492131	-8.964452943357932e-07
10.949350727071318	0.0021342387098703852	0.07204612409903753	0.8222604417286743	0.0719911877560237	0.002299102098651263	2.7019167387126658e-05	0.029241886186997173	-8.593212734139524e-07
11.05073360417383	0.00193807302176759	0.07049269990238995	0.8165608426225908	0.07821435229054031	0.0025691875628324297	3.110734529935078e-05	0.030193736927229264	-8.199845347592075e-07
11.152116481276343	0.001758374409781879	0.06889660281837685	0.8105112905478238	0.08479416307747796	0.002867053303589488	3.577309483281221e-05	0.031136742325838303	-7.783818589579921e-07
11.253499358378855	0.0015939204706077676	0.0672622842998051	0.8041029302631917	0.09173136445700422	0.003195053443095793	4.10915622890876e-05	0.032073354960135886	-7.344691901517585e-07
11.354882235481366	0.0014435639134290491	0.06559421777486867	0.7973278069910341	0.09902438171976946	0.0035556818081372626	4.7146707433476964e-05	0.033007200385967675	-6.882125188821825e-07
11.456265112583878	0.0013062294186103464	0.06389687860651942	0.790178960512531	0.10666914549467339	0.003951573423166689	5.403220105163347e-05	0.0339431794455716	-6.39588724283149e-07
11.55764798968639	0.0011809104870744934	0.06217472452726563	0.7826505150241212	0.11465892963242912	0.004385505148587069	6.185239572013662e-05	0.034887561633891895	-5.885863619624858e-07
11.659030866788903	0.0010666662972218337	0.060432176665553436	0.7747377638896302	0.12298420581075444	0.004860395362301995	7.072337343058792e-05	0.03584806712819488	-5.352063837461556e-07
11.760413743891416	0.0009626185846069826	0.058673601272436045	0.7664372484435221	0.13163251808046206	0.0053793025808556725	8.077407358098947e-05	0.036833935082522855	-4.794627755207014e-07
11.861796620993928	0.0008679485580010655	0.05690329224902698	0.7577468300310632	0.14058838050773426	0.005945422915780716	9.21475046695478e-05	0.037855975832797054	-4.2138309972250433e-07
11.96317949809644	0.0007818938639401352	0.05512545456637468	0.7486657545111923	0.14983320094334981	0.006562086261198334	0.000105002042788934	0.038926604753096034	-3.610089295970931e-07
12.064562375198951	0.0007037456103991835	0.053344188659984845	0.7391947084973467	0.15934523376261456	0.007232751110391317	0.00011951281971761103	0.04005985565067092	-2.983961631953686e-07
12.165945252301464	0.0006328454588404594	0.05156347587136608	0.7293358666701947	0.169099564169461	0.007960997902107239	0.0001358732030332604	0.04127137178742839	-2.3361520618809486e-07
12.267328129403976	0.0005685827925685309	0.0497871649987915	0.7190929295637187	0.17906812634523486	0.008750520801852166	0.00015429637022577265	0.04257837286848171	-1.6675101396107855e-07
12.368711006506489	0.0005103919680850466	0.04801896000906257	0.7084711513018777	0.18921975734907778	0.009605117829499089	0.00017501697825798916	0.043999596642301825	-9.790298509073778e-08
12.470093883609001	0.0004577496549755329	0.04626240895154253	0.6974773568464697	0.19952028824601445	0.010528679252240753	0.00019829292940588356	0.04555521410898298	-2.7184700176639492e-08
12.571476760711514	0.00041017226877943484	0.04452089410520074	0.6861199484070105	0.20993267345581432	0.011525174171331625	0.00022440723350091905	0.04726671772886059	4.5276497899240396e-08
12.672859637814025	0.00036721350029329173	0.042797623378977724	0.674408900759516	0.22041715878681709	0.012598635242235213	0.00025366996589113486	0.04915678245756858	1.1934008393654278e-07
12.774242514916537	0.0003284619438347647	0.041095622975544636	0.6623557453220223	0.23093148805195737	0.01375314148075079	0.0002864203195298012	0.05124909989872393	1.9485308982181316e-07
12.87562539201905	0.0002935388261511958	0.039417731318581395	0.6499735429393289	0.24143114756825126	0.014992799122440417	0.00032302874858766245	0.05356818635376507	2.716510000498439e-07
12.977008269121562	0.0002620958368885996	0.03776659423412055	0.6372768454366213	0.25186964722619415	0.016321720519195768	0.0003638991998640527	0.0561391660510279	3.4955879742690216e-07
13.078391146224075	0.000233813060843514	0.03614466136738051	0.6242816461100487	0.26219883619296486	0.017744001075024392	0.0004094714270416396	0.058987531343042826	4.283921503959998e-07
13.179774023326587	0.0002083970115982394	0.034554183807910185	0.6110053194306521	0.2723692506948991	0.019263694243021483	0.00046022338148849216	0.062138882161775766	5.079587308342014e-07
13.2811569004291	0.00018557876558690216	0.0329972128878524	0.5974665503449405	0.2823304907226708	0.020884784626918916	0.0005166736718600444	0.06561864750519382	5.880596486710083e-07
13.38253977753161	0.00016511219515227948	0.031475600110757354	0.5836852536595039	0.29203162192954457	0.022611159253428152	0.0005793840831942039	0.06945179218404922	6.684909873195476e-07
13.483922654634123	0.00014677229872806676	0.029990998161686468	0.5696824840970336	0.30142159846133615	0.024446577105647016	0.0006489621445287983	0.07366251247417195	7.490454217521492e-07
13.585305531736635	0.00013035362591472174	0.02854486294337444	0.5554803377056499	0.31044970197839405	0.026394637032877852	0.0007260637323068175	0.07827392468628727	8.29513899140483e-07
13.686688408839148	0.00011566879490554855	0.027138456577990393	0.5411018453912797	0.31906599171633626	0.028458744178071933	0.0008113956949785813	0.08330775097253472	9.096873603658768e-07
13.78807128594166	0.00010254709945958893	0.025772851309574664	0.526570859422833	0.3272217600937841	0.030642075090501587	0.0009057184822698558	0.0887840069275112	9.89358479430999e-07
13.889454163044173	9.083320240544386e-05	0.024448934238532286	0.5119119338309898	0.33486998812103	0.032947541717874854	0.0010098487605721936	0.09472069570407309	1.0683233969073412e-06
13.990837040146683	8.03859124916479e-05	0.023167412816638488	0.49715019968260077	0.3419657947010124	0.03537775449862111	0.0011246619938396318	0.10113351344399922	1.1463834230642102e-06
14.092219917249196	7.107704127100335e-05	0.02192882102884496	0.4823112362631877	0.3484668738489384	0.03793498480114241	0.0012510949672598262	0.1080355708163334	1.2233466862665358e-06
14.193602794351708	6.279033661475708e-05	0.020733526186753	0.4674209392391467	0.35433391389326935	0.04062112698207513	0.0013901482288256562	0.11543713535894287	1.2990297026143131e-06
14.29498567145422	5.542048939419692e-05	0.01958173625791427	0.45250538689844494	0.3595309928603276	0.04343766035965622	0.001542888421785709	0.12334539913072118	1.3732588436300703e-06
14.396368548556733	4.887220983877411e-05	0.018473507655105206	0.43759070558357793	0.36402594448707887	0.0463856114207357	0.001710450478821256	0.1317642759040724	1.4458716800765874e-06
14.497751425659246	4.305937007801455e-05	0.017408753410357004	0.42270293543306686	0.36779068964909223	0.049465516600423906	0.0018940396467087585	0.14069423176306123	1.516718181689827e-06
14.599134302761758	3.790420939616745e-05	0.01638725165977061	0.407867897537882	0.3708015284284205	0.052677385991398304	0.002094933308207686	0.15013215252716053	1.585661754716235e-06
14.700517179864269	3.3336598770855835e-05	0.015408654366958853	0.3931110635970131	0.3730393885722493	0.05602066835512521	0.0023144825659932623	0.16007125090105617	1.652580101614626e-06
14.801900056966781	2.9293361327190975e-05	0.01447249621528662	0.3784574291223458	0.3744900266986704	0.05949421781928714	0.0025541135516641074	0.17050101566648632	1.7173658900773998e-06
14.903282934069294	2.5717645414313222e-05	0.013578203601873328	0.36393139119754286	0.3751441792800875	0.06309626265417875	0.0028153284212292778	0.18140720459323298	1.7799272215925348e-06
15.004665811171806	2.255834709974623e-05	0.012725103669524632	0.3495566317394496	0.3749976611652221	0.06682437652540553	0.003099705997052937	0.19277188206517348	1.8401878930488719e-06
15.106048688274319	1.976957897607764e-05	0.011912433316319682	0.3353560071444726	0.37405141017380156	0.07067545262057387	0.0034089020150441865	0.20457350170688507	1.8980874483189042e-06
15.207431565376831	1.731018228227352e-05	0.011139348126437978	0.32135144512735786	0.3723114770991572	0.07464568104353757	0.0037446489349618876	0.21678703357064996	1.9535810202684624e-06
15.308814442479342	1.5143279456535008e-05	0.010404931169912129	0.3075638494769021	0.3697889612678288	0.0787305298609384	0.004108755271097755	0.2293841347172932	2.006638967171162e-06
15.410197319581854	1.3235864357321531e-05	0.009708201623284929	0.29401301336352587	0.3664998926162927	0.08292473017207869	0.0045031044003434	0.2423333613117038	2.0572463109765744e-06
15.511580196684367	1.1558427512473993e-05	0.009048123167576963	0.28071754173857816	0.3624650620375653	0.08722226555448231	0.0049296528047764	0.255600419669543	2.105401988224867e-06
15.61296307378688	1.0084613881896024e-05	0.008423612124483915	0.26769478326600593	0.3577098025096004	0.09161636621379483	0.005390427706453918	0.26914845304939344	2.151117927549622e-06
15.714345950889392	8.790910745790768e-06	0.00783354529627208	0.25496077212498885	0.35226372422878166	0.09609950813795794	0.005887524053114833	0.2829383603973919	2.194417970601377e-06
15.815728827991904	7.65636345691788e-06	0.007276767479379436	0.24253017991861595	0.346160407622207	0.1006634175219719	0.006423100814996811	0.29692914273101234	2.2353366557992447e-06
15.917111705094415	6.662316920804465e-06	0.0067520986262162245	0.23041627782004692	0.339437058690085	0.10529908069119362	0.006999376555003609	0.3110782724053974	2.273917886525979e-06
16.01849458219693	5.79218079149934e-06	0.006258340634052833	0.21863090898515125	0.33213413162427674	0.1099967597082565	0.007618624237037651	0.32534208014806665	2.3102135071801744e-06
16.119877459299442	5.031216491613735e-06	0.00579428374414951	0.2071844711606422	0.32429492405260674	0.1147460138016534	0.00828316524046653	0.33967615448261684	2.3442818118542064e-06
16.221260336401954	4.366344283458168e-06	0.005358712538388378	0.19608590932038106	0.31596515056481056	0.11953572670320435	0.008995362552439521	0.35403574799380805	2.3761860112940784e-06
16.322643213504463	3.7859687325880606e-06	0.004950411524588038	0.18534271807099575	0.3071925003809001	0.12435413992747989	0.009757613114121964	0.36837618481763407	2.405992684203716e-06
16.424026090606976	3.279821015614372e-06	0.004568170305387938	0.17496095348217708	0.2980261851244518	0.12918889196932812	0.01057233930188255	0.3826532637709386	2.433770238878304e-06
16.525408967709488	2.838816630420335e-06	0.004210788329066663	0.1649452539179635	0.28851648266229396	0.13402706333653136	0.011441979530047152	0.3968236516639723	2.459587410595885e-06
16.626791844812	2.4549271687151163e-06	0.003877079223886772	0.1552988693737027	0.2787142828708017	0.1388552272739727	0.012368977968021078	0.41084526156205925	2.483511819181148e-06
16.728174721914513	2.121064907992484e-06	0.003565874720528962	0.14602369875990803	0.2686706409921199	0.14365950597420213	0.013355773371359616	0.42467761107335883	2.5056086097064665e-06
16.829557599017026	1.8309790723400746e-06	0.0032760281698799953	0.13712033451934466	0.2584363439575722	0.14842563200772094	0.014404787033716495	0.43828215613090715	2.525939197448711e-06
16.930940476119538	1.5791626991160217e-06	0.0030064176658679063	0.1285881139178075	0.24806149468842933	0.1531390146454043	0.015518409874486496	0.4516225961994879	2.544560136019028e-06
17.03232335322205	1.3607691312697505e-06	0.00275594878519263	0.12042517631237788	0.23759511894568736	0.15778481068606032	0.01669898868534295	0.46466514736087156	2.5615221250767684e-06
17.133706230324563	1.1715372330702194e-06	0.002523556957681597	0.11262852567357426	0.22708479880129098	0.16234799934497082	0.017948811567703147	0.47737878030303244	2.5768691712831423e-06
17.235089107427076	1.0077245002886492e-06	0.0023082094826123107	0.10519409761968532	0.2165763362549633	0.1668134607051713	0.019270092602375683	0.4897354208478082	2.590637913204106e-06
17.336471984529588	8.660473045646991e-07	0.002108907207693975	0.09811683021251157	0.20611344993568462	0.17116605718298697	0.020664955802185327	0.5017101112843956	2.602857117797159e-06
17.4378548616321	7.436275758891298e-07	0.00192468588849687	0.09139073776345065	0.19573750721739203	0.17539071741369103	0.022135418408155822	0.5132811314202439	2.6135473529757107e-06
17.53923773873461	6.379452870067817e-07	0.0017546172469720285	0.08500898690692117	0.18548729345712056	0.17947252192280833	0.023683373599772323	0.5244300789036596	2.622720837599969e-06
17.640620615837122	5.467961592410853e-07	0.0015978097483274546	0.07896397421403423	0.17539881944274377	0.18339678991419767	0.02531057269985105	0.5351419090015854	2.6303814671551612e-06
17.742003492939634	4.682540609370315e-07	0.0014534091159344607	0.0732474046425833	0.16550516752831237	0.1871491664782034	0.027018606964506305	0.5454049346200954	2.6365250104040313e-06
17.843386370042147	4.0063761759439706e-07	0.001320598604143359	0.06785037014917032	0.1558363763484935	0.19071570950239422	0.02880888905852516	0.555210787923678	2.6411394694941242e-06
17.94476924714466	3.424805970038655e-07	0.0011985990489078832	0.0627634278248908	0.14641936344961592	0.19408297555411178	0.030682634326010202	0.5645543454329971	2.6442055934092654e-06
18.046152124247172	2.9250567349512664e-07	0.0010866687159682923	0.05797667695670031	0.1372778846618731	0.19723810399859537	0.03264084197532291	0.573433618951532	2.645697532321005e-06
18.147535001349684	2.4960121294969674e-07	0.0009841029660408117	0.053479834461560856	0.12843252857264315	0.2001688986190445	0.034684276306022645	0.5818496150827596	2.6455836183544987e-06
18.248917878452197	2.1280075471231938e-07	0.0008902337560228582	0.04926230818893211	0.11990074405050723	0.2028639060157649	0.03681344811352655	0.5898061664462981	2.6438272565624144e-06
18.35030075555471	1.8126489814167836e-07	0.0008044289946656738	0.045313267638282126	0.11169689841780306	0.20531249008053046	0.03902859641448669	0.5973097379802539	2.640387908520225e-06
18.451683632657222	1.5426533045823158e-07	0.0007260917705052242	0.04162171169126785	0.1038323635793661	0.20750490186938192	0.041329670642265226	0.604369211926024	2.6352221499293425e-06
18.553066509759734	1.3117075895389796e-07	0.0006546594690942522	0.03817653301227617	0.0963156271879741	0.20943234423206808	0.0437163134672647	0.6109956552306446	2.628284782946197e-06
18.654449386862247	1.1143453469905815e-07	0.0005896027957585101	0.03496657882538094	0.08915242576300837	0.21108703059888434	0.04618784440111569	0.6172020731715878	2.6195299836432373e-06
18.75583226396476	9.458377678427886e-08	0.0005304247192232784	0.03198070782976194	0.08234589657676186	0.21246223737535463	0.048743244346729726	0.6230031530121518	2.6089124650429894e-06
18.857215141067268	8.02098260278236e-08	0.00047665935053581293	0.029207843068580517	0.07589674508025594	0.21355234945148904	0.051381141257879494	0.6284150014359743	2.596388636533208e-06
18.95859801816978	6.795987511831574e-08	0.0004278707707585246	0.02663702061763888	0.06980342465391548	0.21435289839460545	0.05409979707218078	0.633454879391504	2.5819177411486933e-06
19.059980895272293	5.752963849028853e-08	0.000383651819938375	0.024257434009317912	0.0640623255336491	0.21486059296220406	0.056897096080031115	0.6381409378071462	2.565462953167494e-06
19.161363772374806	4.865693998613119e-08	0.0003436228588810606	0.0220584743538395	0.05866796987467452	0.21507334164333147	0.05977053488914337	0.6424919574216839	2.546992419685643e-06
19.262746649477318	4.111610967082839e-08	0.0003074305142841941	0.02002976616344142	0.05361321006819161	0.21499026701239618	0.06271721413973537	0.6465270957193612	2.5264802312718817e-06
19.36412952657983	3.471309315745017e-08	0.00027474641682062573	0.018161198925257603	0.04888942761365821	0.214611711757587	0.06573383211916269	0.6502656436719878	2.5039073084261343e-06
19.465512403682343	2.9281187585604397e-08	0.00024526594081928017	0.016442954505319154	0.044486730065703	0.21393923632593492	0.06881668041678934	0.653726794679024	2.4792621923353062e-06
19.566895280784856	2.4677328078264007e-08	0.00021870695327322185	0.014865530498951583	0.04039414381326285	0.2129756082076644	0.07196164175017279	0.6569294277682457	2.4525417302993256e-06
19.668278157887368	2.077885718350154e-08	0.000194808579019067	0.013419759671820228	0.036599800703093384	0.21172478296280484	0.07516419008221568	0.6598919067815231	2.423751648151192e-06
19.76966103498988	1.7480717578454627e-08	0.0001733299880831676	0.012096825660926867	0.03309111678431432	0.21019187717208868	0.07841939313584258	0.6626318969293925	2.3929070039801498e-06
19.871043912092393	1.4693015258270316e-08	0.00015404921038231786	0.010888275125987154	0.02985496171939461	0.2083831335709704	0.0817219173980546	0.6651661997609545	2.3600325194514056e-06
19.972426789194905	1.2338906631206168e-08	0.0001367619822031787	0.009786026558888274	0.02687781767465852	0.2063058786992294	0.08506603568897908	0.6675106072680798	2.3251627869657257e-06
20.073809666297418	1.0352768464670152e-08	0.00012128062816756749	0.008782375972446316	0.024145926765216482	0.20396847346817076	0.08844563735386611	0.6696797755302483	2.2883423527871063e-06
20.175192543399927	8.678614542030944e-09	0.00010743298172184311	0.007869999699612214	0.021645426380974532	0.20138025711208823	0.09185424111701257	0.6716871180131335	2.2496256780588305e-06
20.27657542050244	7.268727257244321e-09	9.506134656874677e-05	0.007041954540800541	0.019362471958438553	0.19855148504964043	0.09528501061646204	0.673544718364067	2.209076981303402e-06
20.377958297604952	6.082476249223012e-09	8.402150088960186e-05	0.0062916755003598526	0.017283346984428127	0.19549326123344749	0.09873077261719354	0.675263262303826	2.166769967539467e-06
20.479341174707464	5.085299611055332e-09	7.418174568345068e-05	0.005612971353617188	0.01539456022018931	0.19221746561195316	0.10218403787856611	0.6768519879990041	2.1227874505318306e-06
20.580724051809977	4.247826246726378e-09	6.542199807687104e-05	0.0050000182836677995	0.01368293031603429	0.18873667736594793	0.10563702462921336	0.6783186541140097	2.077220875906199e-06
20.68210692891249	3.545120631765893e-09	5.7632930032675506e-05	0.004447351822435023	0.012135658146394144	0.18506409461273013	0.10908168457960696	0.6796695245872642	2.0301697538986367e-06
20.783489806015	2.9560336021697217e-09	5.071515250599712e-05	0.003949857323764433	0.010740387332487451	0.1812134512934416	0.11250973137935363	0.6809093690524289	1.9817410113653793e-06
20.884872683117514	2.4626448823294054e-09	4.457844476059904e-05	0.003502759187742085	0.009485253534620994	0.1771989319734983	0.11591267140318823	0.6820414777319097	1.9320482733492266e-06
20.986255560220027	2.049784898536542e-09	3.914102826456777e-05	0.0031016090453099363	0.008358923188849508	0.1730350852922146	0.11928183672682421	0.6830676895652942	1.881211084985134e-06
21.08763843732254	1.7046250378182553e-09	3.432888433063014e-05	0.0027422731008818965	0.007350622434130791	0.16873673679576973	0.12260842013157107	0.6839884322980794	1.8293540848339314e-06
21.18902131442505	1.416326927514988e-09	3.0075114449786297e-05	0.002420918818299177	0.006450157027355832	0.16431890187777257	0.12588351195517097	0.6848027732439843	1.7766061408656777e-06
21.290404191527564	1.1757425516735914e-09	2.631934208529409e-05	0.0021340011223651293	0.005647924076122071	0.15979669953414025	0.12909813858589936	0.6855084794448447	1.7230994602822106e-06
21.391787068630077	9.751581061953365e-10	2.300715454473029e-05	0.0018782482745999393	0.004934916434471996	0.1551852676142021	0.13224330237785534	0.6861020859828948	1.6689686841826825e-06
21.493169945732586	8.080754438232491e-10	2.0089583428319247e-05	0.0016506475679797074	0.00430272060681084	0.1504996802183555	0.1353100227477767	0.6865789712482635	1.6143499777490982e-06
21.594552822835098	6.690257886114948e-10	1.7522622059404986e-05	0.0014484309714693873	0.003743508991710838	0.1457548678547896	0.13828937819787676	0.6869334380267644	1.559380126174909e-06
21.69593569993761	5.534111218803167e-10	1.5266778235318354e-05	0.0012690608413082117	0.003250027272211678	0.14096554092438549	0.14117254899531992	0.687158799346567	1.5041956459934912e-06
21.797318577040123	4.5736927062612516e-10	1.3286660591492943e-05	0.0011102158024167313	0.0028155777244371766	0.136146117054581	0.14395086022723927	0.6872474681040851	1.448931920800401e-06
21.898701454142635	3.7765927630658083e-10	1.1550596846132106e-05	0.0009697768901058394	0.002433999173722086	0.13131065275049658	0.14661582494080347	0.6871910495765862	1.3937223696196222e-06
22.000084331245148	3.115640969464077e-10	1.0030282184729887e-05	0.0008458140295977088	0.0020996442787513956	0.12647277977571014	0.14915918707093334	0.6869804360188417	1.3386976553554367e-06
22.10146720834766	2.568081075506627e-10	8.700456051133562e-06	0.0007365729188131862	0.0018073547711216654	0.12164564661654317	0.15157296385396238	0.6866059026311234	1.2839849399139039e-06
22.202850085450173	2.1148722077205118e-10	7.538605632543957e-06	0.0006404623685147522	0.0015524352217709807	0.11684186532337343	0.15384948742393206	0.6860572042736945	1.2297071916865367e-06
22.304232962552685	1.7400975863604043e-10	6.5246943579603034e-06	0.0005560421432828088	0.0013306258482753094	0.11207346396111369	0.1559814452893814	0.6853236723866347	1.1759825501782266e-06
22.405615839655198	1.4304647303322336e-10	5.6409137712957625e-06	0.0004820113369815072	0.001138074819300644	0.10735184483937993	0.1579619193924649	0.6843943116516502	1.1229237516457645e-06
22.50699871675771	1.1748834305697864e-10	4.8714571900641185e-06	0.00041719730736924763	0.0009713104555953294	0.10268774863176523	0.159784423459024	0.6832578960030256	1.0706376187051997e-06
22.608381593860223	9.641097585375406e-11	4.20231361665027e-06	0.0003605451863347764	0.0008272136717053267	0.09809122443376316	0.16144293835781323	0.6819030636569723	1.0192246159777172e-06
22.70976447096273	7.90446086387631e-11	3.621080430345496e-06	0.0003111079748985718	0.0007029909498358457	0.093571605750919	0.1629319451993886	0.680318410881514	9.68778472985234e-07
22.811147348065244	6.474885656969275e-11	3.1167934533065546e-06	0.00026803722558686385	0.0005961480875515791	0.08913749235335237	0.16424645592010717	0.6784925842722471	9.193858746880111e-07
22.912530225167757	5.299147746607855e-11	2.6797730512681506e-06	0.00023057430905503674	0.0005044649147460858	0.08479673788045472	0.16538204111414448	0.6764143713326398	8.711262192853736e-07
23.01391310227027	4.333053270857778e-11	2.3014849992060215e-06	0.00019804225686099875	0.00042597113282704285	0.08055644303080725	0.16633485489625432	0.6740727891810664	8.24071442183867e-07
23.11529597937278	3.539941649009758e-11	1.974414912342789e-06	0.00016983816804754234	0.0003589233905470403	0.0764229541276314	0.16710165659999238	0.6714571712209059	7.782859043806747e-07
23.216678856475294	2.8894305044740057e-11	1.6919551131451873e-06	0.00014542616362778877	0.00030178367644123947	0.07240186680970831	0.16767982914009455	0.6685572516153278	7.338263429178739e-07
23.318061733577807	2.3563645399610044e-11	1.448302874625324e-06	0.00012433087014674787	0.00025319907740438614	0.06849803456197791	0.16806739389340547	0.6653632474056839	6.907418805384587e-07
23.41944461068032	1.9199361184733886e-11	1.2383690487712915e-06	0.00010613141115682246	0.00021198292646282079	0.06471558176914581	0.16826302197994633	0.6618659381026835	6.490740912197808e-07
23.52082748778283	1.562950249086107e-11	1.0576961558255697e-06	9.04558836498606e-05	0.0001770973401213451	0.06105792094971681	0.16826604185410837	0.6580567425639168	6.088571178750546e-07
23.622210364885344	1.2712108890745156e-11	9.023850750190033e-07	7.697629518280699e-05	0.00014763712658825282	0.05752777380699046	0.16807644314528666	0.6539277929510329	5.701178381985949e-07
23.723593241987857	1.0330090580781877e-11	7.690295399439394e-07	6.540393656270892e-05	0.0001228150304646393	0.05412719571768079	0.16769487671721364	0.6494720055363294	5.32876074384419e-07
23.82497611909037	8.38696305871734e-12	6.546577017713882e-07	5.5485164476892435e-05	0.00010194826685923428	0.05085760326787526	0.16712265094551854	0.6446831481030426	4.971448422687291e-07
23.92635899619288	6.803296607853759e-12	5.56680080803543e-07	4.6997568311325406e-05	8.444628807360864e-05	0.047719804439886514	0.16636172424330536	0.6395559036576355	4.6293063533191844e-07
24.02774187329539	5.513763779388288e-12	4.7284328127870384e-07	3.9746495552293945e-05	6.979971870272724e-05	0.04471403105197187	0.16541469389450716	0.6340859301472438	4.3023373894168937e-07
24.129124750397903	4.464686629283447e-12	4.011888958321448e-07	3.356191056781735e-05	5.75703899200162e-05	0.041839973055653436	0.1642847812841204	0.6282699158524981	3.990485702217734e-07
24.230507627500415	3.6120011702858793e-12	3.4001707452714066e-07	2.8295562177561094e-05	4.7382400577853875e-05	0.03909681430217472	0.16297581364286035	0.6221056301064123	3.693640389861786e-07
24.331890504602928	2.9195697689636904e-12	2.8785427890372717e-07	2.381843620240939e-05	3.891413127801105e-05	0.03648326940014424	0.16149220245100837	0.6155919689750999	3.411639252821269e-07
24.43327338170544	2.3577834167129916e-12	2.434247840788858e-07	2.0018470105324555e-05	3.1891137491558385e-05	0.03399762130029571	0.15983891867198188	0.608728995526741	3.14427269230971e-07
24.534656258807953	1.902405244825056e-12	2.0562553162504815e-07	1.6798507860954274e-05	2.6079848891431865e-05	0.03163775926014707	0.15802146501018124	0.6015179743123494	2.8912876904013573e-07
24.636039135910465	1.5336146038555213e-12	1.7350397283065588e-07	1.4074474296482986e-05	2.1282004080618517e-05	0.029401216860780673	0.15604584540973315	0.593961399686203	2.6523918327535576e-07
24.737422013012978	1.2352177146082751e-12	1.4623857609986885e-07	1.1773749301223413e-05	1.7329752653408395e-05	0.027285209769587458	0.15391853203063732	0.5860630176057932	2.4272573372590526e-07
24.83880489011549	9.939965163837558e-13	1.23121703785007e-07	9.833723491037346e-06	1.408135983670004e-05	0.025286672966213945	0.15164642995635752	0.5778278405712205	2.2155250546095179e-07
24.940187767218003	7.991720532603251e-13	1.0354459278153371e-07	8.200518112540387e-06	1.1417452664966216e-05	0.02340229717372338	0.1492368399019211	0.5692621553921715	2.0168084095761802e-07
25.041570644320515	6.419626918565639e-13	8.698419987532292e-08	6.827853166682426e-06	9.237750609278119e-06	0.021628564262736277	0.14669741920398086	0.5603735235070186	1.8306972547589648e-07
25.142953521423028	5.152207738554967e-13	7.299169724426495e-08	5.6760489078081525e-06	7.45822769098929e-06	0.01996178142267858	0.14403614138395623	0.5511707736228423	1.6567616115770463e-07
25.24433639852554	4.1313407502813187e-13	6.118242581222612e-08	4.7111470225669126e-06	6.008657266413836e-06	0.0183981139208754	0.14126125458224964	0.5416639864969406	1.4945552763272015e-07
25.34571927562805	3.309807555560761e-13	5.122713446497715e-08	3.904138899714629e-06	4.830494789667662e-06	0.016933616296753214	0.13838123916559664	0.5318644717390175	1.343619272182516e-07
25.44710215273056	2.6492841689482166e-13	4.284435159604194e-08	3.230289467134465e-06	3.875057882203471e-06	0.015564261864542855	0.13540476481086386	0.521784736577979	1.2034851310062515e-07
25.548485029833074	2.1186948975561669e-13	3.5793752184416585e-08	2.6685460831787273e-06	3.10196690910446e-06	0.014285970423330968	0.13234064736709425	0.5114384466072052	1.0736779917816456e-07
25.649867906935587	1.6928651795072655e-13	2.987039874137652e-08	2.2010229261316083e-06	2.477812946106494e-06	0.013094634097835477	0.1291978057933725	0.5008403785962627	9.537195052788743e-08
25.7512507840381	1.3514201764029333e-13	2.489974812166253e-08	1.8125522267014294e-06	1.9750234907236347e-06	0.011986141256669115	0.12598521946325786	0.49000636553413796	8.431305372712916e-08
25.85263366114061	1.0778851782406259e-13	2.0733328491838965e-08	1.490294528637398e-06	1.5708995082414831e-06	0.010956398476912096	0.1227118861172139	0.4789532341479807	7.41433665152701e-08
25.954016538243124	8.589515676746001e-14	1.724500179690065e-08	1.223400945326265e-06	1.2468003990989922e-06	0.010001350544391495	0.11938678073281712	0.46769873522075495	6.481554651792978e-08
26.055399415345637	6.838784650936065e-14	1.4327736970902443e-08	1.002721103288207e-06	9.87456225205766e-07	0.00911699849803852	0.11601881556871368	0.45626146710980514	5.6282858975062404e-08
26.15678229244815	5.4400545547109353e-14	1.1890827998203524e-08	8.205511316994068e-07	7.803890412323219e-07	0.008299415743975552	0.11261680162251374	0.444660792944815	4.849936361437009e-08
26.25816516955066	4.3235616571610456e-14	9.857498842507854e-09	6.704166673299583e-07	6.154274492311491e-07	0.0075447622805126175	0.1091894117252727	0.4329167520566874	4.1420080991728974e-08
26.359548046653174	3.433160708497522e-14	8.162844308818526e-09	5.468864032846429e-07	4.843005406562242e-07	0.006849297088976089	0.10574514547613549	0.4210499662572303	3.500113878058759e-08
26.460930923755686	2.7237088713984708e-14	6.752062170248671e-09	4.454122169786119e-07	3.8029922084360385e-07	0.006209388757245027	0.10229229620034694	0.4090815416520306	2.9199898632533527e-08
26.5623138008582	2.1589436757921632e-14	5.578937452961943e-09	3.6219237489988073e-07	2.9799454079807147e-07	0.00562152441305088	0.09883892009240626	0.3970329667244267	2.3975064351682854e-08
26.663696677960708	1.7097633925109876e-14	4.60454469822551e-09	2.940547238954234e-07	2.3300410419118502e-07	0.005082317052544209	0.09539280768391013	0.3849260074760882	1.928677222671896e-08
26.76507955506322	1.3528348773338978e-14	3.796138374966831e-09	2.3835715516957425e-07	1.8179888878462254e-07	0.004588511356406471	0.09196145775284173	0.3727826004485255	1.509666444697643e-08
26.866462432165733	1.0694676279702683e-14	3.126205458352437e-09	1.929029604048927e-07	1.4154393608567957e-07	0.004136988090961612	0.0885520537679695	0.3606247444791845	1.1367946593812579e-08
26.967845309268245	8.447040383293512e-15	2.5716575737203283e-09	1.55868998012383e-07	1.099673356939171e-07	0.0037247671954090678	0.08517144293885849	0.34847439206508435	8.06543024663032e-09
27.069228186370758	6.665850552814944e-15	2.1131430799043424e-09	1.2574485521553494e-07	8.525277577312431e-08	0.0033490096585595615	0.08182611791901528	0.3363533412158916	5.155561775458985e-09
27.17061106347327	5.25557998302996e-15	1.7344620763096555e-09	1.0128142642793837e-07	6.595166194711544e-08	0.00300701828941478	0.07852220118710039	0.324283128676648	2.606438410168931e-09
27.271993940575783	4.139994862231908e-15	1.4220696045650565e-09	8.14475377062044e-08	5.091143641220964e-08	0.0026962374857088063	0.07526543210916987	0.31228492538810404	3.8781268147733307e-10
27.373376817678295	3.2583147131394907e-15	1.164654314821996e-09	6.539343185565534e-08	3.921726901624878e-08	0.002414252103242069	0.07206115666374623	0.30037943502989073	-1.5289136777906247e-09
27.474759694780808	2.562125104924158e-15	9.527816118086319e-10	5.242009044599428e-08	3.0144753354880316e-08	0.002158785526609367	0.06891431979135247	0.2885867964589209	-3.1707052998576946e-09
27.57614257188332	2.0128977266095224e-15	7.785918162588057e-10	4.1953509915235205e-08	2.3121633498307133e-08	0.001927697038873928	0.06582946031113251	0.27692649081293685	-4.5629171724956335e-09
27.677525448985833	1.5800002725802697e-15	6.355451999345807e-10	3.352317584830652e-08	1.769691975183494e-08	0.0017189785839892824	0.06281070832947334	0.26541725399765925	-5.729326041886032e-09
27.778908326088345	1.239100948577147e-15	5.182069009493652e-10	2.6744084727596608e-08	1.3516032916861551e-08	0.0015307510114367154	0.05986178504926222	0.2540769952163153	-6.692168257501474e-09
27.880291203190858	9.708905904491058e-16	4.220657217160398e-10	2.1301757935454918e-08	1.030085302480699e-08	0.0013612598877402228	0.05698600487365752	0.24292272213334548	-7.472183134687683e-09
27.981674080293367	7.600601617329204e-16	3.433816734961974e-10	1.693977558230087e-08	7.83374681212715e-09	0.001208870954349591	0.05418627968510569	0.23197047319080155	-8.088660960879193e-09
28.08305695739588	5.944833867721772e-16	2.79057876002986e-10	1.344942510168656e-08	5.944813875111812e-09	0.001072065305945054	0.05146512516886006	0.22123525751746345	-8.559494824802238e-09
28.18443983449839	4.645639977050114e-16	2.2653306268858628e-10	1.0661123970540828e-08	4.5017293747535495e-09	0.0009494343576066909	0.04882466904048645	0.2107310027881617	-8.901235503641337e-09
28.285822711600904	3.627149473886567e-16	1.8369149538138168e-10	8.437325319815863e-09	3.4016756056621282e-09	0.0008396746635920862	0.04626666102879106	0.2004705113053888	-9.12914870006871e-09
28.387205588703416	2.8294331078955014e-16	1.4878756743181587e-10	6.6666617987139624e-09	2.5649493779939907e-09	0.0007415826447541184	0.04379248445928078	0.1904654244882714	-9.257273978463274e-09
28.48858846580593	2.205197461965761e-16	1.203827826946927e-10	5.259120950192145e-09	1.929910155839545e-09	0.0006540492759740545	0.04140316927863649	0.1807261958665246	-9.298484806863906e-09
28.58997134290844	1.717155447567829e-16	9.729314749340133e-11	4.142077757199869e-09	1.4489979644242012e-09	0.0005760547794435973	0.03909940635771037	0.1712620725903616	-9.264549167586967e-09
28.691354220010954	1.3359364980857773e-16	7.854531204512733e-11	3.2570387521001617e-09	1.0856025375064663e-09	0.000506663364254151	0.036881562909190646	0.1620810853826172	-9.16619025445879e-09
28.792737097113466	1.0384272905612643e-16	6.334005355848024e-11	2.556974363516834e-09	8.116079916955279e-10	0.0004450180475855443	0.0347496988562427	0.15319004677766873	-9.013146827815462e-09
28.89411997421598	8.064555709281651e-17	5.1021911355572957e-11	2.004138660768542e-09	6.054721481974078e-10	0.00039033558786534257	0.03270358399004605	0.14459455741411809	-8.814232849441518e-09
28.99550285131849	6.257471417741847e-17	4.1053970156519594e-11	1.5682895145840003e-09	4.5072787384112673e-10	0.00034190155562164833	0.030742715757111034	0.13629902007555994	-8.577396068150428e-09
29.096885728421004	4.851001152900127e-17	3.299694565011676e-11	1.2252391322400635e-09	3.348166549521689e-10	0.00029906556339833124	0.02886633752146742	0.12830666110693092	-8.309775272542204e-09
29.198268605523516	3.757318026980896e-17	2.6491860613993998e-11	9.556760598874236e-10	2.481830288756773e-10	0.00026123667205670887	0.027073457152159783	0.12061955877361258	-8.017755970434869e-09
29.299651482626025	2.907626441270179e-17	2.124571356635051e-11	7.442087904488992e-10	1.8357329292965297e-10	0.0002278789870610031	0.025362865792839074	0.11323867807723302	-7.70702429445752e-09
29.401034359728538	2.2480881584410558e-17	1.701963819205138e-11	5.785915108214927e-10	1.3549376374838318e-10	0.00019850745494031424	0.02373315667748488	0.1061639114964402	-7.382618970266667e-09
29.50241723683105	1.7366093762725007e-17	1.3619133145611716e-11	4.49098324935089e-10	9.979332792606969e-11	0.0001726838670366237	0.022182743864301847	0.09939412508312341	-7.048981217789786e-09
29.603800113933563	1.3403092662046589e-17	1.088601049585614e-11	3.4801804922882603e-10	7.33425651648258e-11	0.000150013074881688	0.02070988076847782	0.09292720931482078	-6.710002486847915e-09
29.705182991036075	1.0335273498829337e-17	8.691768936973026e-12	2.692476699613531e-10	5.37877125854156e-11	0.00013013941908746312	0.019312678383648405	0.08676013408247057	-6.369069956530461e-09
29.806565868138588	7.962565216021997e-18	6.9321465753033925e-12	2.0796516762153332e-10	3.936247939458419e-11	0.00011274337147365163	0.01798912309145556	0.08088900717913175	-6.029109752875766e-09
29.9079487452411	6.129119742506474e-18	5.522649004979461e-12	1.6036753533920647e-10	2.8744463528793938e-11	9.753838827867581e-05	0.01673709396839796	0.07530913564968611	-5.692627861875053e-09
30.009331622343613	4.713649488960727e-18	4.3948827014234735e-12	1.2346050552450686e-10	2.0945867865547955e-11	8.426797069139574e-05	0.015554379509132792	0.07001508936351994	-5.361748734686472e-09
30.110714499446125	3.621850657138018e-18	3.493552508600023e-12	9.489080008700065e-11	1.5230525987157913e-11	7.270292758343013e-05	0.01443869369539421	0.06500076618139511	-5.038251599376659e-09
30.212097376548638	2.7804677848326366e-18	2.7740060424456337e-12	7.281197309501157e-11	1.1051057408967917e-11	6.263883419818192e-05	0.013387691349638147	0.06025945810368494	-4.723604508641747e-09
30.31348025365115	2.132648450792886e-18	2.200227918420017e-12	5.5777947763208924e-11	8.001384832896174e-12	5.389367964420445e-05	0.012398982722314671	0.05578391780930805	-4.4189961659665654e-09
30.414863130753663	1.634311175889758e-18	1.7432034638476512e-12	4.265816637027998e-11	5.780945470304045e-12	4.630569532868473e-05	0.011470147271219326	0.051566425022439355	-4.12536558371188e-09
30.51624600785617	1.251308240436831e-18	1.3795855285400065e-12	3.2570089623618104e-11	4.167781836224028e-12	3.973135593290633e-05	0.010598746600606961	0.04759885217674487	-3.843429635842495e-09
30.617628884958684	9.57211557523125e-19	1.090609611394208e-12	2.4826269184790195e-11	2.9983579113638575e-12	3.404354415721256e-05	0.009782336536596953	0.043872728883772916	-3.573708575577671e-09
30.719011762061196	7.315864242911627e-19	8.612121578007153e-13	1.8891986187046108e-11	2.152456378707747e-12	2.9129870230364964e-05	0.009018478323798493	0.04037930475252479	-3.316549594309567e-09
30.82039463916371	5.586469307994769e-19	6.793148748147227e-13	1.4352049608089573e-11	1.5419050661543519e-12	2.4891137070078194e-05	0.008304748935986761	0.03710961015038344	-3.072148502850458e-09
30.92177751626622	4.2620964296653136e-19	5.352445295563221e-13	1.0884842142435783e-11	1.1021819702359312e-12	2.123994198159751e-05	0.007638750501028258	0.03405451454077634	-2.8405696195662395e-09
31.023160393368734	3.248801677336499e-19	4.2126316954204813e-13	8.241251655215568e-12	7.861788571836104e-13	1.809940587401588e-05	0.007018118847050333	0.031204782079476034	-2.62176395236811e-09
31.124543270471246	2.474213687377477e-19	3.311882234253574e-13	6.229174892814555e-12	5.595795160277357e-13	1.5402021145259642e-05	0.0064405311830559855	0.02855112419860386	-2.4155857629946027e-09
31.22592614757376	1.882631341984835e-19	2.600856677972308e-13	4.700335106813603e-12	3.974428121987649e-13	1.3088609622967188e-05	0.005903712932783867	0.02608424895455613	-2.2218076026233424e-09
31.32730902467627	1.43122343575274e-19	2.0402251496699858e-13	3.540648581668848e-12	2.8168250645352197e-13	1.1107382237664762e-05	0.005405443745598726	0.023794906962599553	-2.040133907733166e-09
31.428691901778784	1.0870854138913044e-19	1.5986740061665107e-13	2.6625414638768806e-12	1.99212917787764e-13	9.413092435609983e-06	0.004943562712569606	0.021673933786228117	-1.870213244369034e-09
31.530074778881296	8.249620550180243e-20	1.2513012289541992e-13	1.998726440716299e-12	1.405877585911774e-13	7.966275701459954e-06	0.004515972819658511	0.019712288693035398	-1.7116492876492223e-09
31.63145765598381	6.254870936384535e-20	9.783268423389809e-14	1.4978352953598988e-12	9.900335408091894e-14	6.7325679466270755e-06	0.004120644673114514	0.017901089730383613	-1.5640106215723055e-09
31.73284053308632	4.738237303630739e-20	7.640577909566971e-14	1.1205256163703385e-12	6.957043193876951e-14	5.682095919962565e-06	0.0037556195347657386	0.01623164511317266	-1.4268394420009838e-09
31.83422341018883	3.586157318051909e-20	5.960580921081524e-14	8.36788225009963e-13	4.878337938236847e-14	4.788933206402418e-06	0.0034190117069472646	0.014695480952202272	-1.2996592431962548e-09
31.935606287291343	2.711789296077314e-20	4.644843748079508e-14	6.237931753675189e-13	3.413433566175624e-14	4.0306157905071516e-06	0.003109010308324386	0.013284365384734782	-1.1819815654986984e-09
32.03698916439386	2.0487861143714425e-20	3.6155449925495047e-14	4.641665356339707e-13	2.3833258213380414e-14	3.387711570393069e-06	0.0028238804828983085	0.011990329198713836	-1.0733118787649118e-09
32.13837204149637	1.5465051727882183e-20	2.8112312541888015e-14	3.448115859646503e-13	1.6605339994559748e-14	2.8434386091638364e-06	0.0025619640850483385	0.010805683068543959	-9.731546730108853e-10
32.239754918598884	1.166326670985485e-20	2.1834312179705827e-14	2.556659211620853e-13	1.154474957461707e-14	2.3833273021348958e-06	0.0023216798836068046	0.009723031543332324	-8.81017824432901e-10
32.34113779570139	8.788264350917285e-21	1.6939578473480328e-14	1.8922882841114688e-13	8.009283232345216e-15	1.9949220161002425e-06	0.0021015233277173933	0.0087352839480149	-7.964163016122345e-10
32.44252067280391	6.616070008942743e-21	1.3127614760460075e-14	1.3980560026558523e-13	5.5446632855743766e-15	1.6675181194291705e-06	0.0019000659166304563	0.007835662373873993	-7.188752732883762e-10
32.54390354990642	4.9763526289122995e-21	1.0162233948793031e-14	1.030805095866203e-13	3.830267397614978e-15	1.3919306672610093e-06	0.0017159542146813745	0.007017706947698206	-6.479326756469726e-10
32.64528642700893	3.739695807690905e-21	7.85801212746827e-15	7.585280018957273e-14	2.6403129191385055e-15	1.1602913333133536e-06	0.0015479085515144122	0.006275278578349829	-5.831412936298047e-10
32.74666930411144	2.8078602114100297e-21	6.06954787653167e-15	5.576987178722934e-14	1.8161599658534555e-15	9.658704880928848e-07	0.0013947214461957666	0.005602559385964082	-5.24070407363696e-10
32.84805218121395	2.1063413961843944e-21	4.6829565577485276e-15	4.089169649677275e-14	1.2465944418098055e-15	8.029216122031944e-07	0.0012552557922393484	0.004994051022590168	-4.703070514413935e-10
32.94943505831647	1.5786873117309964e-21	3.6091427293518754e-15	2.991959103564054e-14	8.538246027787238e-16	6.665455029037286e-07	0.0011284428387837806	0.0044445710940128865	-4.214569314894968e-10
33.050817935418976	1.1821635075426286e-21	2.778485446456286e-15	2.186846451805868e-14	5.835586808881296e-16	5.525719822634036e-07	0.0010132800012429665	0.003949247891005459	-3.771450392363381e-10
33.15220081252149	8.844495277478438e-22	2.1366448291636523e-15	1.590447843654561e-14	3.9799058066166293e-16	4.5745704655939284e-07	0.000908828532735361	0.0035035136345917014	-3.3701600416817294e-10
33.253583689624	6.61123561270461e-22	1.6412573602692623e-15	1.1570395971646538e-14	2.7085287134169776e-16	3.7819360955934667e-07	0.0008142110855108247	0.0031030964343047238	-3.007342168382462e-10
33.35496656672652	4.937490698845435e-22	1.2593347228450413e-15	8.399605097644751e-15	1.8393589287018682e-16	3.1223418768691453e-07	0.0007286091894635747	0.002744011151171839	-2.679837559811275e-10
33.456349443829026	3.6842069812770574e-22	9.652188842265972e-16	6.084696953722449e-15	1.246441545878126e-16	2.574240536069618e-07	0.0006512606726727732	0.0024225493484840996	-2.3846814879773267e-10
33.55773232093154	2.7466026002864805e-22	7.389764239649869e-16	4.4235603658817315e-15	8.428489271228504e-17	2.1194354734915795e-07	0.0005814570467692601	0.002135268503579539	-2.1190999111007812e-10
33.65911519803405	2.0457930912674516e-22	5.651392835214368e-16	3.1541076443935284e-15	5.687218984492994e-17	1.7425838164045498e-07	0.0005185408778102573	0.0018789806431205262	-1.880504515535233e-10
33.76049807513656	1.5224451796226946e-22	4.317183922988137e-16	2.288327865788302e-15	3.829327883738612e-17	1.430769115877752e-07	0.00046190316126970153	0.0016507405529056236	-1.6664868157637678e-10
33.861880952239076	1.13197202575761e-22	3.294319722189064e-16	1.6689693589091727e-15	2.5728682512807866e-17	1.1731345920380178e-07	0.0004109807177373418	0.0014478337013486833	-1.4748115075221385e-10
33.963263829341585	8.4089893077548e-23	2.5110252636883807e-16	1.1921873215539722e-15	1.7249834481860875e-17	9.605689145652528e-08	0.00036525362397700695	0.0012677640035699332	-1.3034092478886863e-10
34.0646467064441	6.241169554255174e-23	1.9118620776561652e-16	8.635256032165867e-16	1.1540502173790147e-17	7.854374748682204e-08	0.00032424269213536517	0.0011082415407736796	-1.150369016272763e-10
34.16602958354661	4.628094704140845e-23	1.454059494041259e-16	5.762389703212788e-16	7.704365407946962e-18	6.413529728993245e-08	0.0002875070081258577	0.0009671703373868511	-1.0139301917256952e-10
34.267412460649126	3.4288822259807077e-23	1.1046582354174656e-16	4.446456544820094e-16	5.1324110186939e-18	5.229799137388178e-08	0.00025464153854503843	0.0008426362864519871	-8.924744648349404e-11
34.368795337751635	2.538148188299424e-23	8.382891278883662e-17	3.047491204484863e-16	3.411759231433255e-18	4.25868295282152e-08	0.0002252748139160879	0.0007328953021378125	-7.845176865725995e-11
34.47017821485415	1.877134776754989e-23	6.354477897191027e-17	2.1401095841303111e-16	2.263120676805251e-18	3.4631237652307445e-08	0.00019906669459952516	0.0006363617670451695	-6.887017419323498e-11
34.57156109195666	1.3870368904909606e-23	4.8115616415627757e-17	1.7392897463903464e-16	1.4979918147730053e-18	2.812309534963539e-08	0.00017570622436678858	0.0005515973313530287	-6.037865228046117e-11
34.672943969059176	1.0239874720468764e-23	3.639254060820361e-17	1.3014090284569513e-16	9.89426547194249e-19	2.2806604389028783e-08	0.00015490957539822622	0.0004773001108172902	-5.286420624357281e-11
34.774326846161685	7.552928086411166e-24	2.749532372499246e-17	8.35269711845951e-17	6.5212382562275365e-19	1.8469729813361408e-08	0.00013641808734300888	0.0004122943212796762	-4.6224088280939336e-11
34.8757097232642	5.566088805375581e-24	2.075035065736747e-17	3.476079500780155e-17	4.2889300889661024e-19	1.4936982038222965e-08	0.0001199964020621952	0.00035552037868500454	-4.036505963866832e-11
34.97709260036671	4.098255096001686e-24	1.5642716836443013e-17	3.9868430296559716e-17	2.814752783248526e-19	1.2063340277844366e-08	0.00010543069476533638	0.0003060254856799032	-3.520267947894669e-11
35.07847547746922	3.0148236891923736e-24	1.17792887565786e-17	4.373185945985553e-17	1.843333593602505e-19	9.729145566053038e-09	9.25270014416013e-05	0.0002629547186768329	-3.0660624912266335e-11
35.179858354571735	2.215842692822902e-24	8.86025239189526e-18	-8.860254607737953e-18	1.2045920958651228e-19	7.835815964961062e-09	8.110964177455895e-05	0.00022554262281739435	-2.6670043968257092e-11
35.281241231674244	1.627159054984416e-24	6.657225364736834e-18	-6.657226991895889e-18	7.855041266759566e-20	6.302257689429952e-09	7.101973611038008e-05	0.0001931053165433093	-2.3168942668702086e-11
35.38262410877676	1.193809866928432e-24	4.996438727143122e-18	-4.996439920952988e-18	5.1112758896487004e-20	5.061864197179543e-09	6.211381451730871e-05	0.00016503310246953083	-2.0101606835786118e-11
35.48400698587927	8.750933746511926e-25	3.7458295668478805e-18	-3.745830441941255e-18	3.318811347407906e-20	4.0600111412289845e-09	5.426251552423081e-05	0.00014078357691254552	-1.7418058814286246e-11
35.585389862981785	6.408962089101657e-25	2.8051468496607946e-18	-2.8051474905570034e-18	2.1503452794067136e-20	3.251968756842253e-09	4.7349371752257345e-05	0.00011987522673607146	-1.507354889523905e-11
35.686772740084294	4.689592261826054e-25	2.0983760971458494e-18	-2.0983765661050754e-18	1.3902926409927673e-20	2.6011650307537497e-09	4.1269679349750636e-05	0.0001018814990931038	-1.3028080903618815e-11
35.78815561718681	3.4284399050631666e-25	1.5679463564385567e-18	-1.5679466992825472e-18	8.96967357970694e-21	2.0777431179594345e-09	3.592944790214658e-05	8.642532712313704e-05	-1.1245971141527556e-11
35.88953849428932	2.504217656894516e-25	1.1703054048605601e-18	-1.1703056552823258e-18	5.774567256574701e-21	1.6573651455028255e-09	3.1244427307594196e-05	7.317409266861807e-05	-9.69543965890547e-12
35.990921371391835	1.827518072382487e-25	8.72544051355271e-19	-8.725442341070783e-19	3.709664549207256e-21	1.3202219634826722e-09	2.7139207982018156e-05	6.183500555432484e-05	-8.348232649612718e-12
36.092304248494344	1.3324943078650902e-25	6.4982386073343175e-19	-6.498239939828626e-19	2.378056814619465e-21	1.0502147386607014e-09	2.354639067727163e-05	5.215087788628418e-05	-7.179274637221217e-12
36.19368712559686	9.706957309413531e-26	4.83419413207447e-19	-4.834195102770201e-19	1.5211855916653764e-21	8.342796830612013e-10	2.0405822158152578e-05	4.389627112176513e-05	-6.166349017008219e-12
36.29507000269937	7.065045316271876e-26	3.5923005140277678e-19	-3.5923012205322994e-19	9.709895831514776e-22	6.618317982385646e-10	1.7663892983191806e-05	3.6873993301055364e-05	-5.289805454352805e-12
36.39645287980188	5.137606753052489e-26	2.6664986906978144e-19	-2.6664992044584896e-19	6.1847098360711225e-22	5.243074086210992e-10	1.5272893665379916e-05	3.0911923763826835e-05	-4.532292600507696e-12
36.497835756904394	3.7326807014689686e-26	1.9771072555493713e-19	-1.9771076288174413e-19	3.930940567100007e-22	4.1478855324870804e-10	1.3190425547910662e-05	2.586014286520775e-05	-3.878514571112779e-12
36.5992186340069	2.7095358324298786e-26	1.464330896228761e-19	-1.4643311671823443e-19	2.4931362706345585e-22	3.276950901825263e-10	1.137886281229806e-05	2.1588344613221108e-05	-3.3150096370012002e-12
36.70060151110942	1.9650926494964544e-26	1.083348939134267e-19	-1.083349135643532e-19	1.5778581115970212e-22	2.5853271638333625e-10	9.804862137983364e-06	1.7983510736533117e-05	-2.829949597739561e-12
36.80198438821193	1.4239188477991786e-26	8.006037864790356e-20	-8.006039288709204e-20	9.964655006658021e-23	2.0368708240019828e-10	8.438916650185843e-06	1.4947825428211816e-05	-2.41295834312349e-12
36.903367265314444	1.030864350749609e-26	5.909994244650085e-20	-5.909995275514436e-20	6.279556586336701e-23	1.602558414223972e-10	7.254950922966261e-06	1.2396810859813855e-05	-2.0549481535871265e-12
37.00475014241695	7.456446029443271e-27	4.3578935432867926e-20	-4.357894288931395e-20	3.9488267490672507e-23	1.2591186403039744e-10	6.229953944329472e-06	1.0257664502557275e-05	-1.7479723452568943e-12
37.10613301951947	5.3886045238466095e-27	3.209861668793075e-20	-3.2098622076535276e-20	2.477876016181223e-23	9.879201447134322e-11	5.343647096994042e-06	8.467780293563685e-06	-1.4850929266521674e-12
37.20751589662198	3.8907633749455686e-27	2.361653382860446e-20	-2.3616537719367836e-20	1.5515417087301196e-23	7.74068567252578e-11	4.578184359865551e-06	6.973436730369757e-06	-1.2602620002902118e-12
37.30889877372449	2.806773721688036e-27	1.7356659286422043e-20	-1.7356662093195764e-20	9.694373057333744e-24	6.056746913804529e-11	3.917882089151367e-06	5.728636045495544e-06	-1.068215712023335e-12
37.410281650827	2.022991507507303e-27	1.2741960671691802e-20	-1.274196269468331e-20	6.044333127785194e-24	4.7326220657662795e-11	3.348975892648858e-06	4.694079683607936e-06	-9.043796222449728e-13
37.51166452792952	1.4567827573878458e-27	9.343864309844964e-21	-9.343865766627721e-21	3.760533367330994e-24	3.692892156441899e-11	2.8594022644354447e-06	3.8362663691968245e-06	-7.647844452487685e-13
37.61304740503203	1.0481166024504757e-27	6.844424332692694e-21	-6.844425380809296e-21	2.334655963002789e-24	2.8776225574636677e-11	2.4386027986648963e-06	3.126700098339119e-06	-6.459911749083653e-13
37.714430282134536	7.534223224183395e-28	5.0080363317984864e-21	-5.008037085220809e-21	1.446334438367436e-24	2.2392544016364235e-11	2.077348949291738e-06	2.541196400362622e-06	-5.450246854615971e-13
37.81581315923705	5.411048684098345e-28	3.66031242406087e-21	-3.660312965165738e-21	8.941017675231018e-25	1.7401049689070758e-11	1.7675854463906986e-06	2.0592761932732717e-06	-4.593149651604802e-13
37.91719603633956	3.8827414715549968e-28	2.672323198358859e-21	-2.6723235866330063e-21	5.51540705370884e-25	1.3503609205998978e-11	1.5022906185540102e-06	1.6636374916509e-06	-3.8664520721575587e-13
38.01857891344208	2.7836176565955125e-28	1.9488568880008736e-21	-1.9488571663626394e-21	3.3950062455607916e-25	1.0464697481960864e-11	1.275352004058062e-06	1.339696108426706e-06	-3.2510604621092957e-13
38.119961790544586	1.993860481832094e-28	1.4196819338296468e-21	-1.419682133215695e-21	2.0853356869019095e-25	8.098524463473133e-12	1.0814557606510797e-06	1.0751873294028967e-06	-2.7305528910387363e-13
38.2213446676471	1.4269015969506363e-28	1.0330522879250229e-21	-1.0330524306151826e-21	1.2781557084484353e-25	6.25874881238803e-12	9.159885046128128e-07	8.598213204316662e-07	-2.290825474542879e-13
38.32272754474961	1.0202517709796498e-28	7.5088545648470945e-22	-7.508855585098865e-22	7.817428955415244e-26	4.830271572942013e-12	7.749503239830139e-07	6.849857549107602e-07	-1.9197823164449818e-13
38.42411042185213	7.288443066622512e-29	5.451866622199841e-22	-5.451867351044148e-22	4.7710779566036395e-26	3.72269948248043e-12	6.548778184444323e-07	5.434898263284469e-07	-1.6070641864162117e-13
38.525493298954636	5.20207068540685e-29	3.9540020748975097e-22	-3.9540025951045784e-22	2.905637775024481e-26	2.865146362244481e-12	5.527761192695651e-07	4.2934443090029987e-07	-1.3438115197301947e-13
38.62687617605715	3.7096403565407137e-29	2.8644991919487675e-22	-2.8644995629128033e-22	1.765789067992356e-26	2.202105130829036e-12	4.6605893705350415e-07	3.3757387831807655e-07	-1.1224577643893754e-13
38.72825905315966	2.64302603437225e-29	2.0729109994606998e-22	-2.0729112637633033e-22	1.0708004996327262e-26	1.6901750584697514e-12	3.924957727806242e-07	2.6405501004387816e-07	-9.365495047973577e-14
38.82964193026218	1.8814173714338792e-29	1.4984171972476485e-22	-1.4984173853893856e-22	6.47963730523776e-27	1.2954711081286283e-12	3.301655092776783e-07	2.0538007836929008e-07	-7.80590162316548e-14
38.931024807364686	1.3380826306175199e-29	1.081944496819894e-22	-1.081944630628157e-22	3.9125979194124584e-27	9.91576391373833e-13	2.7741567550171094e-07	1.5874017090149318e-07	-6.499044139762628e-14
39.032407684467195	9.508123014693119e-30	7.803642342274693e-23	-7.803643293086995e-23	2.3575023415068596e-27	7.579263877245433e-13	2.3282674563784826e-07	1.2182635266289135e-07	-5.405207809411982e-14
39.13379056156971	6.750263493762922e-30	5.622246354981567e-23	-5.622247030007917e-23	1.4174620375198485e-27	5.785358559324919e-13	1.9518089890594833e-07	9.274604499364512e-08	-4.490701200074357e-14
39.23517343867222	4.788072683905492e-30	4.0461551086074015e-23	-4.04615558741467e-23	8.504389266926152e-28	4.409973060437866e-13	1.6343472457747563e-07	6.995247608236397e-08	-3.72698008803418e-14
39.336556315774736	3.39324187849346e-30	2.908675842079555e-23	-2.908676181403743e-23	5.091517203664103e-28	3.356943221617677e-13	1.3669541027875415e-07	5.218531176576702e-08	-3.0898924453890803e-14
39.437939192877245	2.402608323062593e-30	2.0886624605094952e-23	-2.0886627007703276e-23	3.0417512202506304e-28	2.5518459794536354e-13	1.142000005029417e-07	3.842082758386958e-08	-2.559028864247596e-14
39.53932206997976	1.6996723567946194e-30	1.4981708383200987e-23	-1.4981710082873345e-23	1.8133120890783564e-28	1.9371681686173434e-13	9.529735667126931e-08	2.7830198053389938e-08	-2.1171645696988842e-14
39.64070494708227	1.2013277805282507e-30	1.0734320502611615e-23	-1.0734321703939395e-23	1.0786829482757279e-28	1.4685292230327892e-13	7.943249037325114e-08	1.974467513646816e-08	-1.749780857921462e-14
39.742087824184786	8.483438274356495e-31	7.682594620500813e-24	-7.68259546884464e-24	6.403058366818296e-29	1.1117324069279873e-13	6.61329778685452e-08	1.3626597646821557e-08	-1.4446552877716797e-14
39.843470701287295	5.985443882765595e-31	5.4923906382161505e-24	-5.492391236760539e-24	3.7927437237207675e-29	8.404663711060169e-14	5.499719683589761e-08	9.045321671902452e-09	-1.1915112803669962e-14
39.94485357838981	4.219246487902517e-31	3.922248082680053e-24	-3.922248504604702e-24	2.2417745095217342e-29	6.345163536905492e-14	4.5684155982446186e-08	5.657293218321498e-09	-9.817189653266184e-15
40.04623645549232	2.9715805480150005e-31	2.7978784375733825e-24	-2.7978787347314373e-24	1.3222170268901924e-29	4.783741481754301e-14	3.7904714744316844e-08	3.189598609975287e-09	-8.080401615247702e-15
40.147619332594836	2.0910007619898277e-31	1.9936217542819246e-24	-1.993621963382001e-24	7.781905541573609e-30	3.601595932613112e-14	3.1414014168464607e-08	1.4264248216445294e-09	-6.64411295819081e-15
40.249002209697345	1.4700596267533115e-31	1.4189818074184382e-24	-1.418981954424401e-24	4.5702668125331086e-30	2.7078504525759383e-14	2.6004961404881803e-08	1.9794955817771183e-10	-5.457588875048734e-15
40.350385086799854	1.0325944460946506e-31	1.008860298567071e-24	-1.0088604018265155e-24	2.678363670448751e-30	2.0330907644468715e-14	2.15026292821345e-08	-6.287467290755231e-10	-4.4784293689519184e-15
40.45176796390237	7.246673495408751e-32	7.1648215257084905e-25	-7.16482225037584e-25	1.5662818908839953e-30	1.5243730516422254e-14	1.7759449398486645e-08	-1.1570908886568318e-09	-3.6712418663865135e-15
40.55315084100488	5.081146056414122e-32	5.08276303071425e-25	-5.082763538828855e-25	9.13992639782758e-31	1.1413744877000899e-14	1.465109223205642e-08	-1.4670388614573225e-09	-3.006517742348943e-15
40.654533718107395	3.559579839287097e-32	3.6017576640262717e-25	-3.6017580199842557e-25	5.322159193283444e-31	8.534291297899285e-15	1.2072941139199114e-08	-1.6199523169100718e-09	-2.459682750787315e-15
40.755916595209904	2.491436788671762e-32	2.5494661861919324e-25	-2.5494664353356113e-25	3.0924694191230916e-31	6.372490066769609e-15	9.9370789395273e-09	-1.6625332684650476e-09	-2.0102955554690085e-15
40.85729947231242	1.7422684917520657e-32	1.8026199131403324e-25	-1.8026200873671816e-25	1.7930622080594692e-31	4.751746628126593e-15	8.16971623438143e-09	-1.6299876201769077e-09	-1.641372133651857e-15
40.95868234941493	1.2172908774838375e-32	1.2731489409994217e-25	-1.2731490627285095e-25	1.0374273450599665e-31	3.5383418286066917e-15	6.708999816182948e-09	-1.5485570065066215e-09	-1.3388171181584453e-15
41.060065226517445	8.497432573261159e-33	8.98202796185273e-26	-8.982028811595987e-26	5.98952546631874e-32	2.6311687412965654e-15	5.503147629760881e-09	-1.4375381361922945e-09	-1.090945710577124e-15
41.16144810361995	5.9264573318796885e-33	6.329796284380705e-26	-6.329796877026439e-26	3.450639035510418e-32	1.953889588843417e-15	4.508863862845878e-09	-1.3108850476480727e-09	-8.880823171918066e-16
41.26283098072247	4.129682581488144e-33	4.45579502447858e-26	-4.455795437446838e-26	1.9837139013371205e-32	1.4489511363957434e-15	3.6899939799611287e-09	-1.1784747152905583e-09	-7.222240121012914e-16
41.36421385782498	2.875095380384021e-33	3.13314732208856e-26	-3.133147609598098e-26	1.1379703146405363e-32	1.0730250581732621e-15	3.0163849702975765e-09	-1.047101474574626e-09	-5.867587218152092e-16
41.465596734927495	1.9998706964752455e-33	2.2006783389329304e-26	-2.2006785389200002e-26	6.514111980655186e-33	7.935392115114502e-16	2.462920844714777e-09	-9.212539003396789e-10	-4.762295349806105e-16
