# -----------------------------------
# SAS_MoCa Version 1.3.0
# Thu Feb  5 15:52:40 2026
# -----------------------------------
datafile:	./POPC_50C_Symmetry2021.dat
save-folder:	RES_POPC-Symmetry2021
qrange:	[0.005, 0.6]
model:	LUV_POPC
temperature-init:	400
temperature-gain:	50
target-X2:	0.005
data-binning:	1
error-scale:	1
iterations:	100
processes:	64
plot-only:	False
state:	0
# -----------------------------------
# Probabilities of finding a quasimolecular group at a position z (Angstrom) (distance from the bilayer center).
# SLD column: SLD contrast (difference from suspension medium) as a function of z; unit Angstrom^-2.
# -----------------------------------
z	CH3	CH	CH2	CG	PCN	Chol	BW	SLD
0.0	0.39353633063800325	0.0011342877334336403	0.6053293552857258	4.2441995723047595e-09	3.973960038773852e-14	4.3246148330375724e-13	8.926746849060077e-09	-2.7561498009068305e-06
0.10071958102133033	0.39337334935309426	0.00124970062266312	0.6053769230109055	5.426084125956794e-09	5.414064317583579e-14	5.53110734935439e-13	1.1115084904740299e-08	-2.7554805051116843e-06
0.20143916204266066	0.39288481037431866	0.0013753560306777781	0.6057398045402873	6.925528687153789e-09	7.363968594210933e-14	7.066124799611828e-13	1.3816158859609052e-08	-2.7536154848907517e-06
0.302158743063991	0.39207192665368135	0.0015119961493675741	0.6064160446392087	8.824599954038268e-09	9.999747785440732e-14	9.016854915665006e-13	1.7144140330993923e-08	-2.7505586946423117e-06
0.4028783240853213	0.39093671420139964	0.0016603996507690674	0.6074028484703375	1.1225683797419164e-08	1.3556724386043e-13	1.1493000410253171e-12	2.1237179593822345e-08	-2.7463169985345823e-06
0.5035979051066517	0.38948198375512527	0.0018213817502743521	0.6086965898554222	1.4256281674898315e-08	1.8348860079590366e-13	1.4632425607635272e-12	2.6262105977313494e-08	-2.7409001400102465e-06
0.604317486127982	0.38771132918441065	0.0019957940673545316	0.6102928230017101	1.8074879656460635e-08	2.479430920463077e-13	1.8608175337226437e-12	3.241997486043788e-08	-2.734320699488324e-06
0.7050370671493122	0.3856291126973735	0.0021845242648892366	0.6121862976447403	2.28781153614682e-08	3.3449030815488845e-13	2.363718838825111e-12	3.995259745913498e-08	-2.726594040518891e-06
0.8057566481706426	0.38324044693478315	0.0023884954481189174	0.6143709775409368	2.890951201690472e-08	4.5050920189304066e-13	2.999110074306133e-12	4.9150209402241835e-08	-2.7177382447126953e-06
0.906476229191973	0.3805511740544415	0.0026086653043281014	0.616840062225603	3.647010054883788e-08	6.057764633119527e-13	3.800962255535286e-12	6.036045365115086e-08	-2.707774035831778e-06
1.0071958102133034	0.37756784192560544	0.002846024964640213	0.6195860119346727	4.59313113320699e-08	8.132231372287078e-13	4.8117080696885865e-12	7.39988769065479e-08	-2.6967246934883565e-06
1.1079153912346336	0.3742976775692085	0.0031015975697724595	0.6226005755719932	5.775058832227894e-08	1.0899226030040128e-12	6.084284958662107e-12	9.056116233426975e-08	-2.684615956956975e-06
1.208634972255964	0.3707485579946379	0.0033764365222762444	0.625874821588112	7.249026132633649e-08	1.4583783003439328e-12	7.684655162672076e-12	1.1063735067887138e-07	-2.67147591965883e-06
1.3093545532772943	0.36692897859773654	0.0036716234086869417	0.629399171621602	9.084030885890318e-08	1.94819906242358e-12	9.694910049032816e-12	1.349283271714279e-07	-2.6573349149268867e-06
1.4100741342986245	0.36284801929740723	0.003988265576137901	0.6331634367399686	1.1364575631170777e-07	2.598274721318296e-12	1.2217089239107234e-11	1.6426488652737505e-07	-2.642225393705475e-06
1.5107937153199549	0.3585153085996322	0.00432749334936638	0.637156856104202	1.4193958415799016e-07	3.459596172180253e-12	1.5377873022319656e-11	1.9962971820224495e-07	-2.626181794878237e-06
1.6115132963412853	0.3539409857877999	0.0046904568756616066	0.641368137869156	1.7698217097707018e-07	4.598904058763537e-12	1.9334340247871654e-11	2.4218268995486276e-07	-2.6092404089532983e-06
1.7122328773626156	0.34913566144689895	0.005078322587182354	0.6457855021211655	2.2030846878540237e-07	6.103400836718096e-12	2.4281024424038753e-11	2.93289843030834e-07	-2.591439235864014e-06
1.812952458383946	0.3441103765363428	0.0054922692722065465	0.6503967256447479	2.7378430630123976e-07	8.086824869695657e-12	3.045854944614382e-11	3.545565497261463e-07	-2.5728178376675983e-06
1.9136720394052762	0.338876560231895	0.005933483749268446	0.6551891883018662	3.3967344237847403e-07	1.0697265747350963e-11	3.8164184769192956e-11	4.278653198555719e-07	-2.553417186942018e-06
2.014391620426607	0.33344598676134374	0.006403156140787436	0.6601499208000978	4.207172501723875e-07	1.4127201302207938e-11	4.77647297682309e-11	5.154187819139876e-07	-2.533279511693755e-06
2.1151112014479367	0.32783073146122854	0.006902474745690599	0.6652656536201823	5.202292061082683e-07	1.8626363924588004e-11	5.971222063965699e-11	6.19788398349042e-07	-2.5124481375953777e-06
2.215830782469267	0.32204312628303106	0.007432620513669866	0.6705228668687973	6.422066900677926e-07	2.4518202983666346e-11	7.456305301576629e-11	7.439695103546587e-07	-2.49096732837213e-06
2.3165503634905975	0.31609571497684763	0.007994761127081302	0.6759078408190311	7.914629782069481e-07	3.2220909134021116e-11	9.300123245315379e-11	8.914433384531362e-07	-2.4688821251512674e-06
2.417269944511928	0.3100012081786643	0.008590044700072668	0.6814067068988936	9.737827314184184e-07	4.2274214421189934e-11	1.1586660657728465e-10	1.0662465912862166e-06	-2.4462381855764435e-06
2.5179895255332583	0.3037724386240128	0.009219593108296245	0.6870054988872792	1.1961047546720787e-06	5.5373490880969134e-11	1.4418910096598012e-10	1.273049358218807e-06	-2.4230816234724463e-06
2.6187091065545887	0.2974223167060388	0.009884494966503243	0.6926902040770652	1.4667363293430749e-06	7.241305375059683e-11	1.7923018054991697e-10	1.517241973412971e-06	-2.3994588498230164e-06
2.719428687575919	0.29096378658992245	0.010585798275396952	0.6984468141664413	1.795604006133372e-06	9.454105048774236e-11	2.225329948860099e-10	1.8050315465134984e-06	-2.37541641579667e-06
2.820148268597249	0.28440978308823217	0.011324502763313324	0.7042613756420992	2.194546394112801e-06	1.2322890415265216e-10	2.759829454930412e-10	2.1435488465091395e-06	-2.351000858522615e-06
2.9208678496185794	0.277773189493235	0.012101551952565156	0.7101200394214955	2.677655195271939e-06	1.6035900429637206e-10	3.418807439158751e-10	2.540966209075562e-06	-2.326258550281259e-06
3.0215874306399098	0.2710667965525314	0.012917824984592041	0.7160091095260069	3.261671516902415e-06	2.0833523040549523e-10	4.2303041885230783e-10	3.0066271011254457e-06	-2.301235551731901e-06
3.12230701166124	0.26430326276370486	0.013774128242361803	0.7219150905623669	3.966445348636824e-06	2.702219883846762e-10	5.228451894048484e-10	3.551187925354113e-06	-2.275977469754152e-06
3.2230265926825705	0.2574950761521052	0.014671186812726071	0.7278247337962229	4.815467018879297e-06	3.4991878295237383e-10	6.454746606820878e-10	4.186772574658814e-06	-2.250529320430066e-06
3.323746173703901	0.25065451768349317	0.015609635835597222	0.7337250816089798	5.8364804474695975e-06	4.5237899016624965e-10	7.959574306522727e-10	4.9271401511410635e-06	-2.2249353976410583e-06
3.4244657547252313	0.2437936264502005	0.016590011790836995	0.7396035101371802	7.062189087399082e-06	5.838834966193794e-10	9.804039383592058e-10	5.787866145636809e-06	-2.1992391476980986e-06
3.5251853357465617	0.23692416675580139	0.01761274377757921	0.7454477699024951	8.531066596452408e-06	7.523823089866865e-10	1.2062152505452377e-09	6.786537224724392e-06	-2.173483050365651e-06
3.625904916767892	0.23005759720916769	0.018678144844298052	0.7512460242498913	1.0288285496291158e-05	9.679201971704558e-10	1.4823444960443483e-09	7.942959597820331e-06	-2.1477085065800447e-06
3.726624497789222	0.22320504192430962	0.019786403431228505	0.7569868854216373	1.2386778356227312e-05	1.24316601997731e-09	1.8196088374299886e-09	9.279380728059385e-06	-2.121955733101744e-06
3.8273440788105524	0.21637726390769646	0.02093757498969313	0.7626594481054669	1.4888447373938232e-05	1.5940697163946961e-09	2.231061242843387e-09	1.0820723913894409e-05	-2.0962636642788878e-06
3.9280636598318828	0.20958464069992977	0.022131573845440372	0.7682533203063782	1.786553960518069e-05	2.040676172044408e-09	2.7324329166642362e-09	1.2594834994333247e-05	-2.0706698610370494e-06
4.028783240853214	0.20283714232380787	0.023368165375201644	0.7737586514031576	2.1402206505703623e-05	2.6081314580785195e-09	3.342659098546934e-09	1.4632740130276685e-05	-2.0452104271478163e-06
4.129502821874543	0.19614431157609316	0.02464695856728109	0.7791661572627421	2.5596267874235672e-05	3.327924486028948e-09	4.084503083445647e-09	1.6968913278231805e-05	-2.0199199327671084e-06
4.2302224028958735	0.18951524668577022	0.02596739903805767	0.7844671422979173	3.0561201705133825e-05	4.239416156992939e-09	4.985295792444555e-09	1.964155161109741e-05	-1.994831345173627e-06
4.330941983917204	0.18295858634736953	0.027328762576761048	0.7896535183665685	3.6428382848512005e-05	5.391718874342581e-09	6.077811082588498e-09	2.269285675363473e-05	-1.9699759665789365e-06
4.431661564938534	0.17648249712411715	0.02873014929074475	0.7947178204237096	4.334959470555874e-05	6.846002145443046e-09	7.401300276323793e-09	2.6169319294778933e-05	-1.945383378823967e-06
4.532381145959865	0.17009466320234698	0.03017047842268773	0.7996532188507999	5.149983942382689e-05	8.678315276926243e-09	9.002713176781433e-09	3.012200361969412e-05	-1.9210813947226624e-06
4.633100726981195	0.16380227846586076	0.03164848390968188	0.8044535284003657	6.108047316318994e-05	1.0983036280813041e-08	1.0938137180029292e-08	3.460682968548278e-05	-1.8970960157625764e-06
4.733820308002525	0.157612040846811	0.03316271075198778	0.8091132137076968	7.232269393453037e-05	1.3877077526143641e-08	1.3274491073172273e-08	3.9684847949371046e-05	-1.8734513958249306e-06
4.834539889023856	0.1515301488982866	0.03471151225634803	0.8136273913353144	8.549141022152882e-05	1.750500393049564e-08	1.6091515799504725e-08	4.542250327087718e-05	-1.8501698105434706e-06
4.935259470045186	0.1455623005231501	0.03629304821513074	0.8179918283300494	0.00010088951902748801	2.204524919952133e-08	1.9484110969321645e-08	5.189188325288254e-05	-1.827271631882797e-06
5.0359790510665166	0.13971369378386664	0.03790528407823562	0.8222029372868727	0.0001188626220852018	2.771765048346988e-08	2.3565073297423506e-08	5.9170946193641814e-05	-1.804775307483221e-06
5.136698632087847	0.13398902970911256	0.03954599116963858	0.826257767928101	0.0001398042086649287	3.4792562609622243e-08	2.846830156582642e-08	6.734372360089277e-05	-1.7826973442909908e-06
5.237418213109177	0.12839251700489168	0.041212747994697894	0.8301539952212452	0.00016416133264552106	4.360186064736577e-08	3.4352542263479534e-08	7.650049210185775e-05	-1.761052295970333e-06
5.338137794130508	0.12292787857074594	0.04290294267791704	0.8338899040735696	0.00019244081020476644	5.4552194951205956e-08	4.140576087599814e-08	8.673790959353297e-05	-1.739852753577615e-06
5.438857375151838	0.11759835971543162	0.04461377656379478	0.8374643706563938	0.00022521596256192046	6.814092710074141e-08	4.9850236031553144e-08	9.815911064168943e-05	-1.7191093389683371e-06
5.5395769561731685	0.11240673796116406	0.04634226900573097	0.8408768404272728	0.00026313392559085063	8.497524952800549e-08	5.994848751056859e-08	0.00011087375649013413	-1.698830700405026e-06
5.640296537194498	0.10735533432119723	0.04808526335975101	0.844127302933444	0.00030692354473766217	1.0579507742796103e-07	7.20101646660747e-08	0.00012499803561159952	-1.6790235098386306e-06
5.741016118215828	0.10244602593210156	0.0498394341911201	0.8472162634953226	0.0003574038694438805	1.3150040025202978e-07	8.640003926095267e-08	0.00014065461155178744	-1.659692461348078e-06
5.841735699237159	0.09768025991961862	0.05160129569280916	0.8501447118843397	0.00041549325611870265	1.6318389328324612e-07	1.0354726630379066e-07	0.00015797251592812475	-1.6408402702423933e-06
5.942455280258489	0.0930590683753748	0.05336721130532157	0.8529140881250346	0.00048221908254880946	2.021697192126508e-07	1.2395609836600713e-07	0.00017708698586831685	-1.6224676723573767e-06
6.0431748612798195	0.08858308432101031	0.05513340451767457	0.8555262455670418	0.0005587280694144776	2.5005959713734986e-07	1.4821826331190764e-07	0.0001981392469524696	-1.6045734231144783e-06
6.14389444230115	0.08425255853638243	0.05689597081943935	0.8579834113883722	0.0006462971962373434	3.0878738396295077e-07	1.7702724260600164e-07	0.00022127624488065638	-1.58715429595313e-06
6.24461402332248	0.08006737712939911	0.05865089076377125	0.8602881447072025	0.0007463451895692711	3.806836029134512e-07	2.1119471762600104e-07	0.000246650331654716	-1.5702050797994842e-06
6.345333604343811	0.076027079726683	0.060394044091402733	0.862443292495182	0.000860444550508127	4.685515679270107e-07	2.5166948496458234e-07	0.0002744189150603479	-1.5537185752941068e-06
6.446053185365141	0.07213087816661362	0.06212122485572675	0.8644519435009859	0.0009903340766750713	5.757569934239297e-07	2.9955917881731903e-07	0.0003047440836772458	-1.5376855895684887e-06
6.546772766386471	0.06837767557929066	0.06382815747946831	0.8663173804084605	0.0011379318206088526	7.063332486052063e-07	3.5615517950546354e-07	0.0003377922235434687	-1.5220949294350244e-06
6.647492347407802	0.06476608574155616	0.06551051366413027	0.8680430304691011	0.0013053484121465875	8.651047164278262e-07	4.229611322539314e-07	0.00037373364694871694	-1.506933392936889e-06
6.748211928429132	0.06129445259934431	0.06716393006450763	0.8696324148637494	0.0014949006568138418	1.0578310520361112e-06	5.017255498235449e-07	0.00041274225862353834	-1.4921857592926124e-06
6.848931509450463	0.057960869854246186	0.068784026632193	0.871089097063137	0.0017091253056133791	1.2913755059626045e-06	5.944790267691838e-07	0.0004549952897971365	-1.4778347773643045e-06
6.949651090471793	0.05476320051621727	0.07036642552424423	0.872416630471189	0.0019507928739861372	1.5739008859672951e-06	7.035766522448312e-07	0.0005006731361834775	-1.463861152877842e-06
7.050370671493123	0.051699096329761544	0.071906770466144	0.8736185056486679	0.0022229213692572434	1.915097179871219e-06	8.317462726770008e-07	0.0005499593418612114	-1.4502435347267437e-06
7.151090252514454	0.04876601698664146	0.0734007464519412	0.8746980974276805	0.002528789766747174	2.326445351777005e-06	9.821433255404816e-07	0.0006030407771738386	-1.4369585007980814e-06
7.251809833535784	0.045961249044125456	0.07484409965910574	0.8756586122396285	0.002871951055132911	2.8215223568798303e-06	1.1584130411352633e-06	0.0006601080650961232	-1.4239805438671837e-06
7.352529414557114	0.04328192447394088	0.07623265745122591	0.8765030359902164	0.0032562446518346255	3.4163529963792257e-06	1.3647608908948863e-06	0.0007213563168870266	-1.411282058216884e-06
7.453248995578444	0.04072503877339235	0.07756234833829585	0.8772340828249385	0.003685807969466341	4.1298148539004615e-06	1.6060322485331783e-06	0.000786986244144085	-1.398833327744958e-06
7.553968576599774	0.03828746857648397	0.07882922176203502	0.8778541451369222	0.004165086895050199	4.984103217650728e-06	1.8878023243939003e-06	0.0008572057204474981	-1.3866025164287003e-06
7.654688157621105	0.03596598870929127	0.08002946757249724	0.8783652451758597	0.004698844925116221	6.0052635966820474e-06	2.216477533788355e-06	0.0009322318714572046	-1.3745556621162835e-06
7.755407738642435	0.033757288640225445	0.08115943506219521	0.8787689886218859	0.005292170682391794	7.223800182436076e-06	2.5994095669075266e-06	0.0010122937774230739	-1.3626566747089321e-06
7.8561273196637655	0.031657988282165185	0.0822156514251108	0.8790665204913906	0.005950483523959216	8.675369384277371e-06	3.0450235410202295e-06	0.0010976358763791203	-1.350867339883783e-06
7.956846900685096	0.02966465310966325	0.08319483951028794	0.879258483742749	0.006679536936985539	1.0401568374605896e-05	3.5629617349709707e-06	0.0011885221595961542	-1.3391473295826133e-06
8.057566481706427	0.02777380856052437	0.08409393474321182	0.8793449809485737	0.007485419406891015	1.2450829408365396e-05	4.164244531223185e-06	0.0012852412529353722	-1.3274542205541414e-06
8.158286062727756	0.025981953696964485	0.08491010109284527	0.8793255393971426	0.0083745524346206	1.4879431524485271e-05	4.8614503214901615e-06	0.0013881124783334219	-1.3157435222851709e-06
8.259005643749086	0.02428557410726495	0.08564074596799343	0.8791990799789745	0.009353685375028812	1.775264208212753e-05	5.668916267862637e-06	0.0014974929885118572	-1.3039687156862219e-06
8.359725224770417	0.022681154034304325	0.08628353393355423	0.8789638902048872	0.010429886767791413	2.1146001419444644e-05	6.602961951634314e-06	0.0016137860648989734	-1.2920813039083506e-06
8.460444805791747	0.021165187722555375	0.08683639914513411	0.8786176016891493	0.011610531836222323	2.5146764731363198e-05	7.682138085938505e-06	0.0017374506634341446	-1.2800308766575146e-06
8.561164386813077	0.01973418998006137	0.08729755640939298	0.8781571724153592	0.01290328583838058	2.9855516027570193e-05	8.927502614851532e-06	0.0018690122851734226	-1.2677651893391768e-06
8.661883967834408	0.018384705956530082	0.08766551078725629	0.8775788740833382	0.014316082969353381	3.538796973153788e-05	1.0362926669607903e-05	0.002009075238216072	-1.255230258307131e-06
8.762603548855738	0.01711332014299819	0.08793906566770117	0.8768782848124942	0.01585710053400266	4.187697609236336e-05	1.2015433000606759e-05	0.002158336344250539	-1.242370473405274e-06
8.863323129877068	0.015916664602507485	0.08811732925109497	0.8760502874507653	0.017534728136115094	4.9474747076754485e-05	1.3915569650339838e-05	0.0023176001268227654	-1.2291287288780952e-06
8.964042710898399	0.014791426444895594	0.0881997193929259	0.8750890737083125	0.019357531663077916	5.8355319759029475e-05	1.6097821775358887e-05	0.0024877954991589257	-1.2154465735841058e-06
9.06476229191973	0.013734354562129104	0.08818596677110763	0.8739881543016488	0.021334211885113374	6.87172743999074e-05	1.8601064662786888e-05	0.002669993946975056	-1.2012643812759634e-06
9.16548187294106	0.012742265643598767	0.08807611635274142	0.8727403752568932	0.02347355753484129	8.07867243646934e-05	2.1469061116249333e-05	0.00286542917617964	-1.1865215415116082e-06
9.26620145396239	0.011812049493454536	0.08787052714915608	0.8713379404804437	0.025784392786494772	9.482059474001526e-05	2.4751006504756824e-05	0.0030755181667993163	-1.1711566715329726e-06
9.36692103498372	0.010940673674387759	0.0875698702610934	0.8697724406616982	0.02827551911435913	0.00011111020592495039	2.8502124873014523e-05	0.0033018835429631465	-1.1551078491937814e-06
9.46764061600505	0.010125187504275015	0.08717512522893514	0.8680348885257619	0.03095565157667917	0.00012998517755444437	3.278431959957353e-05	0.003546377134608517	-1.1383128667374142e-06
9.568360197026381	0.00936272543379229	0.08668757471575046	0.8661157604045706	0.0338333496439877	0.00015181766681603362	3.766688215656528e-05	0.0038111045700041798	-1.1207095049220192e-06
9.669079778047712	0.008650509834499174	0.08610879756355364	0.8640050440429015	0.03691694276900462	0.00017702695349960219	4.3227262567583417e-05	0.004098450699638026	-1.102235826666088e-06
9.769799359069042	0.007985853227993445	0.08544066027537835	0.8616922925016617	0.04021445097825091	0.00020608438192846974	4.955190517438412e-05	0.004411105611947982	-1.0828304890470476e-06
9.870518940090372	0.0073661599875600135	0.0846853069874796	0.8591666839651003	0.04373350085246914	0.0002395186672131867	5.673715330399509e-05	0.004752090960376531	-1.0624330721324725e-06
9.971238521111703	0.006788927544299835	0.08384514800705431	0.8564170872016382	0.04748123735285615	0.0002779215700031333	6.48902263707982e-05	0.005124786279932429	-1.0409844227630368e-06
10.071958102133033	0.006251747130039798	0.08292284700122386	0.8534321323704103	0.05146423204185409	0.00032195394004402476	7.413027284818524e-05	0.005532954930612731	-1.0184270110438182e-06
10.172677683154363	0.005752304089409829	0.08192130693254958	0.8502002868079052	0.05568838833954776	0.0003723521243440769	8.458950239628226e-05	0.00598076926546121	-9.947052969420318e-07
10.273397264175694	0.0052883777933470134	0.08084365484496907	0.8467099353719416	0.060158844548183925	0.00042993473057540343	9.641440023060356e-05	0.0064728345836156526	-9.697661040411392e-07
10.374116845197024	0.004857841185963654	0.0796932256116734	0.8429494648642405	0.0648798754664641	0.0004956097304641747	0.00010976702655583347	0.007014211394344285	-9.435589971703547e-07
10.474836426218355	0.004458659996217296	0.07847354476302616	0.8389073519987639	0.0698547935004771	0.0005703818813353834	0.00012482640356366616	0.00761043548777188	-9.160366603220157e-07
10.575556007239685	0.004088891645160701	0.07718831051810536	0.834572254331477	0.07508585025777935	0.0006553604366675737	0.00014178999209815604	0.008267535282741541	-8.871552709942959e-07
10.676275588261015	0.003746683878748456	0.07584137514778704	0.8299331035189741	0.08057413968350711	0.0007517671084829653	0.00016087525962085874	0.008992045903045786	-8.56874866860636e-07
10.776995169282346	0.003430273155250062	0.07443672580045985	0.8249792002292085	0.08631950386081583	0.0008609442356655154	0.00018232134055577628	0.009791019421079645	-8.251597004772212e-07
10.877714750303676	0.0031379828152843505	0.07297846492344849	0.8197003099880849	0.09232044265070262	0.0009843631028949658	0.00020639078945564664	0.010672030703752833	-7.91978577602728e-07
10.978434331325007	0.002868221061363473	0.07147079041402993	0.8140867592116022	0.09857402838675919	0.0011236323448566361	0.00023337142670166875	0.011643178300137122	-7.573051746269007e-07
11.079153912346337	0.002619478772631627	0.06991797563356304	0.8081295306452266	0.10507582686708418	0.001280506359800552	0.0002635782756239817	0.012713079824601237	-7.211183305921301e-07
11.179873493367667	0.0023903271792194494	0.0683243494167431	0.801820357410829	0.11181982589705021	0.0014568936454647536	0.00029735558900638887	0.013890861313781748	-6.834023093502631e-07
11.280593074388996	0.0021794154193239723	0.06669427620537377	0.7951518148474181	0.11879837263161992	0.0016548649589522807	0.0003350789619128861	0.015186140071198149	-6.441470275295059e-07
11.381312655410326	0.0019854680007789774	0.06503213643237003	0.7881174093254832	0.1260021209433941	0.0018766611904869523	0.0003771575266432991	0.01660900056001062	-6.033482441966182e-07
11.482032236431657	0.0018072821875147402	0.06334230727702292	0.7807116632164891	0.13341999000171842	0.0021247008292193097	0.0004240362243895104	0.018169962962547206	-5.610077083895188e-07
11.582751817452987	0.0016437253299303566	0.061629143906937814	0.7729301952091957	0.14103913518843117	0.0024015868875832454	0.0004761981468222963	0.019879944094776208	-5.171332610653638e-07
11.683471398474317	0.001493732156827321	0.059896961315580706	0.7647697951832922	0.14884493239691268	0.002710113139310276	0.0005341669393927529	0.021750210444640903	-4.7173888845823683e-07
11.784190979495648	0.0013563020451891174	0.058150016857113664	0.7562284928783931	0.15682097666305098	0.003053269515307903	0.0005985092565843144	0.023792323194636054	-4.248447243661496e-07
11.884910560516978	0.0012304962827470423	0.056392493572261226	0.7473056196327881	0.1649490959599278	0.003434246491437755	0.0006698372577055006	0.026018075190492068	-3.76476999485019e-07
11.985630141538309	0.0011154353369553602	0.05462848439041919	0.7380018625113239	0.17320938085317528	0.0038564382930424456	0.0007488111300755824	0.0284394199283654	-3.266679365716965e-07
12.086349722559639	0.0010102961427157216	0.05286197728419539	0.7283193101951898	0.18158023056210904	0.004323444733138584	0.000836141624632999	0.031068392751318948	-2.7545559094156627e-07
12.18706930358097	0.0009143094199478655	0.05109684144315843	0.7182614900678368	0.19003841580432607	0.004839071494800672	0.0009325925870990665	0.033917024570656575	-2.228836365795048e-07
12.2877888846023	0.0008267570309058489	0.049336814523868705	0.7078333960002718	0.19855915862021362	0.005407328663699783	0.001038983465869012	0.03699724855716442	-1.6900109895541746e-07
12.38850846562363	0.0007469693859908432	0.04758549102337789	0.6970415064149535	0.20711622918082723	0.006032427314329556	0.0011561917757923446	0.04032080037962289	-1.138620364750052e-07
12.48922804664496	0.0006743229057163213	0.04584631181341092	0.6858937922897467	0.21568205938024487	0.006718773953447735	0.0012851554949610611	0.04389911270098527	-5.7525173349469965e-08
12.589947627666291	0.0006082375454420308	0.04412255486248515	0.6743997148510562	0.2242278728044472	0.007470962626975374	0.001426875369565415	0.04774320477413896	-5.348751996545332e-11
12.690667208687621	0.0005481743885115131	0.04241732716337253	0.6625702127974245	0.23272383045590414	0.008293764502307125	0.0015824170998234735	0.0518635681067877	5.848624189158911e-08
12.791386789708952	0.0004936333125055144	0.040733557873662174	0.6504176789905445	0.24113919139945522	0.00919211474695466	0.0017529133779653411	0.056270049286264875	1.180239223302501e-07
12.892106370730282	0.0004441507324612167	0.03907399266781732	0.6379559266487299	0.2494424872839911	0.010171096536905233	0.0019395657472806617	0.06097173116750465	1.7848666472444025e-07
12.992825951751612	0.00039929742410509854	0.03744118929012439	0.6252001451772489	0.2576017094891954	0.011235922044228401	0.0021436462493461487	0.06597681372846481	2.3979932285124227e-07
13.093545532772943	0.0003586764294050545	0.035837514289371944	0.6121668458693973	0.2655845074505578	0.012391910273465485	0.0023664988247675957	0.07129249598457192	3.0188504782204716e-07
13.194265113794273	0.00032192104606459585	0.034265140908041836	0.5988737978105434	0.27335839653233673	0.013644461640298281	0.0026095404311292482	0.07692486042491735	3.646658498475483e-07
13.294984694815604	0.000288692901957334	0.032726048091298844	0.5853399544134127	0.28089097365038385	0.014999029213969527	0.002874261840375231	0.08287876148580864	4.2806315903931906e-07
13.395704275836934	0.0002586801149320991	0.031222020574178073	0.5715853711053831	0.2881501386978109	0.01646108657690903	0.00316222807658725	0.0891577196099135	4.919983767271397e-07
13.496423856858264	0.00023159553790626315	0.029754649999132392	0.5576311147763637	0.29510431969926154	0.018036092290926165	0.0034750784541052165	0.09576382244994804	5.563934086280948e-07
13.597143437879595	0.0002071750887050499	0.028325337010545192	0.5434991656777995	0.3017226995166174	0.019729450999007928	0.003814526175198688	0.10269763476327368	6.211711712045215e-07
13.697863018900925	0.00018517616369569838	0.026935294267961426	0.5292123125384233	0.3079754418525836	0.021546471234976276	0.004182357446073832	0.10995811850687691	6.862560627000278e-07
13.798582599922256	0.0001653761339048605	0.025585550315656	0.5147940417295813	0.3138339142506225	0.02349232005969099	0.004580430069928841	0.11754256458037324	7.51574390650456e-07
13.899302180943586	0.00014757092199308363	0.024276954242748856	0.50026842137143	0.31927090577157685	0.025571974691729595	0.005010671476086631	0.12544653757773008	8.170547481312938e-07
14.000021761964916	0.00013157365818902483	0.023010181065389886	0.4856599813202399	0.32426083704000846	0.027790171352042124	0.005475076144971263	0.13366383479658095	8.826283316233243e-07
14.100741342986247	0.0001172134130555139	0.021785737760563546	0.47099359001586	0.3287799603972547	0.030151351595389272	0.005975702389887662	0.14218646061803691	9.482291941497394e-07
14.201460924007577	0.00010433400476700051	0.02060396987978718	0.4562943291965433	0.33280654797342024	0.03265960645576657	0.006514668458242723	0.15100461721098987	1.013794428252935e-06
14.302180505028907	9.279287842058778e-05	0.019465068670374702	0.4415873675054939	0.3363210655964149	0.035318618787756155	0.007094147917038424	0.16010671233468923	1.0792642744270492e-06
14.402900086050238	8.246005477805885e-05	0.01836907863197989	0.42689783401944753	0.33930633059161985	0.03813160424002421	0.007716364290198156	0.169479384814004	1.1445821517892678e-06
14.503619667071568	7.321714574139818e-05	0.017315905436787096	0.41225069272430137	0.34174765168921073	0.04110125135012111	0.008383584918576216	0.17910754804577672	1.2096946090423922e-06
14.604339248092897	6.495643379668331e-05	0.01630532414294123	0.3976706189463686	0.34363294944549333	0.044229661300423294	0.00909811401736327	0.18897445166499474	1.2745511951338265e-06
14.705058829114227	5.758001261834082e-05	0.015336987632562523	0.38318187872052245	0.3449528557972491	0.04751828792251781	0.009862284910047103	0.1990617612594481	1.3391042504303516e-06
14.805778410135558	5.0998986005197935e-05	0.014410435207927062	0.3688082120387125	0.3457007916010861	0.050967878580587524	0.010678451423121951	0.2093496557746958	1.4033086206800788e-06
14.906497991156888	4.51327223191404e-05	0.013525101282063122	0.354572720874647	0.34587302125979585	0.0545784166024186	0.011548978431359663	0.21981694200139354	1.4671212974974946e-06
15.007217572178218	3.990816161430436e-05	0.012680324103066347	0.3404977628235293	0.34546868380108436	0.05834906595853681	0.01247623154965013	0.23044118528833224	1.5305009905578968e-06
15.107937153199549	3.525917267743399e-05	0.011875354454820675	0.3266048511304139	0.34448980004689067	0.06227811891473934	0.013462565974171134	0.24119885538104838	1.5934076380966397e-06
15.20865673422088	3.11259572463316e-05	0.01110936428047623	0.31291456180793653	0.34294125578976004	0.0663629474000227	0.014510314482932407	0.25206548605171836	1.6558018636489388e-06
15.30937631524221	2.745449873133593e-05	0.010381455178926989	0.2994464484648756	0.34083076117224687	0.07059995883978344	0.015621774613521492	0.2630158469653459	1.7176443882105834e-06
15.41009589626354	2.419605283271922e-05	0.009690666728599893	0.2862189653823062	0.338168786741892	0.07498455720245095	0.01679919504411728	0.274024126023954	1.7788954081225397e-06
15.51081547728487	2.1306677523175146e-05	0.009035984597062632	0.2732493992851641	0.33496847692383086	0.07951110999577168	0.018044761212479787	0.2850641202483316	1.8395139499586406e-06
15.6115350583062	1.8746799947660982e-05	0.008416348399232653	0.26055381016500895	0.33124554191152894	0.08417292192630299	0.019360580216610274	0.2961094330993541	1.8994572145025425e-06
15.712254639327531	1.6480817881386384e-05	0.007830659271278056	0.24814698141589478	0.3270181292197211	0.08896221590194778	0.020748665050037054	0.30713367601105357	1.958679922518079e-06
15.812974220348861	1.4476733479435187e-05	0.007277787131600452	0.2360423794506937	0.322306676368814	0.0938701220123778	0.0222109182341396	0.31811067180815494	2.017133675428813e-06
15.913693801370192	1.2705817147232225e-05	0.0067565776045391285	0.22425212287119445	0.31713374637359626	0.09888667506595138	0.023749114919492383	0.3290146576139117	2.074766344214516e-06
16.014413382391524	1.1142299458783404e-05	0.006265858586599186	0.21278696117293405	0.3115238478882927	0.104000821194412	0.025364885537796776	0.33982048482137256	2.1315214997947714e-06
16.115132963412854	9.763089148406899e-06	0.005804446439049661	0.2016562628761453	0.3055032420123995	0.10920043395863335	0.02705969809547269	0.35050381370383776	2.187337897897067e-06
16.21585254443418	8.547515300713757e-06	0.005371151794631284	0.19086801288841979	0.2990997378854663	0.1144723403005407	0.028834840209296428	0.3610413002786177	2.2421490308975113e-06
16.31657212545551	7.477091962167084e-06	0.0049647849698318475	0.18042881882367318	0.2923424792926285	0.11980235658886233	0.030691400993484073	0.37141077311219317	2.2958827583796235e-06
16.417291706476842	6.535303495017428e-06	0.004584160977706988	0.17034392592659667	0.2852617245653728	0.12517533490053395	0.03263025291621423	0.3815913978637068	2.348461027188216e-06
16.518011287498172	5.7074090902358465e-06	0.004228104139526803	0.16061724018272372	0.2778886220933606	0.13057521956656565	0.03465203375164442	0.3915638275060107	2.3997996905732764e-06
16.618730868519503	4.9802649497813195e-06	0.0038954522966003205	0.15125135913222443	0.27025498376333473	0.13598511389232673	0.036757128760874586	0.4013103363372681	2.449808434639286e-06
16.719450449540833	4.3421627397536825e-06	0.003585060626456824	0.14224760985100712	0.26239305861083667	0.14138735683902914	0.03894565324193459	0.41081493609885106	2.4983908187589907e-06
16.820170030562164	3.782683004377295e-06	0.003295805070139231	0.13360609351612393	0.25433530891085127	0.14676360932734844	0.041217435594596764	0.4200634727439081	2.545444434901505e-06
16.920889611583494	3.2925623160733045e-06	0.0030265853796839753	0.12532573593406876	0.2461141908461699	0.15209494969738133	0.043572001050524424	0.42904370265200725	2.5908611889900857e-06
17.021609192604824	2.8635730189074126e-06	0.0027763277969231354	0.11740434338049421	0.23776194177926147	0.15736197773337116	0.04600855622284936	0.43774534735479054	2.634527705475369e-06
17.122328773626155	2.4884145012937126e-06	0.0025439873765484506	0.1098386630781795	0.22931037601714993	0.16254492653876076	0.048525974631622816	0.44616012612135497	2.676325854317843e-06
17.223048354647485	2.1606150088878162e-06	0.0023285499679272952	0.10262444762665415	0.2207906908019206	0.1676237814291087	0.051122783362604785	0.4542817660456715	2.716133397553001e-06
17.323767935668815	1.8744430800491815e-06	0.002129033871463604	0.09575652269154385	0.21223328408498432	0.17257840489918064	0.05379715101646095	0.46210598957709087	2.7538247505993173e-06
17.424487516690146	1.6248277540653445e-06	0.0019444911863600734	0.08922885726411757	0.203667585454258	0.17738866661800518	0.05654687710354706	0.46963047973421396	2.789271851498377e-06
17.525207097711476	1.407286766512454e-06	0.0017740088674718787	0.08303463581131763	0.19512190138326338	0.1820345773136897	0.05936938303601682	0.4768548235373876	2.8223451293835244e-06
17.625926678732807	1.217862006708405e-06	0.001616709509558014	0.0771663316532344	0.18662327576314633	0.1864964253300397	0.062261704863940684	0.4837804344812695	2.8529145616922313e-06
17.726646259754137	1.0530615692511768e-06	0.0014717518776468888	0.07161578092801557	0.17819736646613155	0.19075491457107496	0.06522048789544115	0.4904104551418738	2.880850808000698e-06
17.827365840775467	9.098077852008393e-07	0.0013383312024519871	0.06637425653294704	0.1698683384752428	0.19479130249876966	0.06824198333251676	0.49674964126810905	2.906026406896871e-06
17.928085421796798	7.853906686503862e-07	0.0012156792598157363	0.061432541464262996	0.1616587739034235	0.19858753681492297	0.07132204704425091	0.5028042289422824	2.928317021047182e-06
18.028805002818128	6.774262613433622e-07	0.0011030642530404549	0.056781001016431104	0.15358959901850053	0.2021263894409261	0.07445614058750243	0.5085817866039303	2.9476027145766323e-06
18.12952458383946	5.83819401751801e-07	0.0009997905166998426	0.052409653343506356	0.14568002819154832	0.2053915864099839	0.07763933457199927	0.5140910539137188	2.963769246090605e-06
18.23024416486079	5.027304857509575e-07	0.0009051980601286222	0.04830823792992577	0.1379475244976822	0.2083679323054682	0.08086631445206723	0.5193417695866247	2.9767093601355484e-06
18.33096374588212	4.32545823849227e-07	0.0008186619682772066	0.044466281565098194	0.13040777652240398	0.2110414279166033	0.08413138881110765	0.5243444904442038	2.986324059634619e-06
18.43168332690345	3.7185123498793843e-07	0.0007395916770079804	0.04087316146462437	0.12307469076528442	0.21339937983840404	0.08742850018749714	0.5291104040232223	2.9925238418492663e-06
18.53240290792478	3.194085493550138e-07	0.0006674301392149288	0.03751816523026357	0.11596039888761471	0.21543050081618675	0.09075123847194334	0.5336511371314495	2.995229880709206e-06
18.63312248894611	2.741347225978009e-07	0.000601652897383342	0.034390547390200636	0.10907527892296384	0.21712499972522717	0.09409285688663813	0.5379785627608575	2.994375138916698e-06
18.73384206996744	2.3508329141331612e-07	0.0005417670773850122	0.031479582310128956	0.10242798946025866	0.2184746601821559	0.09744629053596672	0.5421046077542229	2.9899053940574304e-06
18.83456165098877	2.0142792587607163e-07	0.00048731031743967716	0.028774613313595754	0.0960255157186331	0.21947290690506552	0.10080417749723701	0.5460410635741174	2.9817801640253466e-06
18.9352812320101	1.7244785717037347e-07	0.0004378496452778701	0.026265097896428887	0.08987322636210836	0.2201148590724371	0.10415888239808418	0.5497994024449773	2.9699735183742135e-06
19.036000813031432	1.4751498075751235e-07	0.0003929803156250071	0.023940648964419532	0.08397493985007583	0.22039737007501195	0.1075025224050873	0.5533906010312765	2.954474763721956e-06
19.136720394052762	1.2608245455724115e-07	0.00035232461920207795	0.021791072065379214	0.07833299908617049	0.22031905320759526	0.11082699552593035	0.5568249736801643	2.9352889930288007e-06
19.237439975074093	1.0767462958131709e-07	0.00031553067351416003	0.019806398625871472	0.07294835311277348	0.2198802930072723	0.11412401110537504	0.5601120170979761	2.91243749041798e-06
19.338159556095423	9.18781667440409e-08	0.00028227120478269054	0.017976915239074406	0.06782064460015257	0.21908324210831967	0.117385122373623	0.5632602681498389	2.8859579851764445e-06
19.438879137116754	7.83342084047693e-08	0.0002522423294786662	0.016293189083136324	0.06294830189700253	0.2179318036498046	0.12060176088456968	0.5662771762734315	2.8559047506294396e-06
19.539598718138084	6.67314866792077e-08	0.000225162343038261	0.014746089578893892	0.058328634441566905	0.21643159943704693	0.12376527266122789	0.5691689917852858	2.8223485456922134e-06
19.640318299159414	5.680026279320879e-08	0.00020077052249556978	0.01332680642183484	0.05395793037814711	0.2145899242203407	0.12686695584646332	0.5719406711343786	2.785376399029425e-06
19.741037880180745	4.830700284265646e-08	0.00017882594895405127	0.012026864145666973	0.04983155528105228	0.21241568661122887	0.12989809963936816	0.5745957999267727	2.745091237863098e-06
19.841757461202075	4.1049705358032094e-08	0.00015910635504278446	0.01083813339380741	0.045944050955269766	0.20991933730591	0.1328500242813232	0.5771365343102598	2.7016113655290345e-06
19.942477042223405	3.48538051391496e-08	0.00014140700176900513	0.009752839090601416	0.04228923335864266	0.20711278542489187	0.13571412184127432	0.5795635610728648	2.6550697938568024e-06
20.043196623244736	2.9568586005606728e-08	0.00012553958848696712	0.00876356571620783	0.038860288772428336	0.2040093039058235	0.1384818975371724	0.5818760765769553	2.605613438309041e-06
20.143916204266066	2.5064042477690165e-08	0.00011133119905666676	0.00786325989799604	0.035649867434102374	0.20062342500077227	0.14114501132007343	0.5840717844247532	2.553402185533896e-06
20.244635785287397	2.122813703161483e-08	9.862328666544832e-05	0.007045230537155147	0.032650173936532564	0.19697082702854204	0.14369531943922567	0.5861469115341061	2.4986078445347566e-06
20.345355366308727	1.7964405527882528e-08	8.727069923141251e-05	0.006303146692215157	0.029853053789626882	0.19306821361568982	0.14612491570072048	0.5880962420980751	2.441412994022671e-06
20.446074947330057	1.518986875328243e-08	7.714074679983616e-05	0.005631033441548509	0.027250075632795412	0.18893318672570691	0.14842617212905906	0.5899131687104949	2.3820097396709667e-06
20.546794528351388	1.2833212802075333e-08	6.811231188193598e-05	0.005023265944885175	0.024832608677716844	0.1845841148237013	0.15059177874037752	0.5915897597641381	2.320598395924905e-06
20.647514109372718	1.0833205302342489e-08	6.007500326832407e-05	0.004474561919688121	0.022591895049747745	0.18003999755346414	0.15261478213812657	0.5931168420700339	2.2573861077221734e-06
20.74823369039405	9.137318317316675e-09	5.2928353476132206e-05	0.003979972742149605	0.02051911678177957	0.1753203283149386	0.15448862264675028	0.5944840975071308	2.1925854279470148e-06
20.84895327141538	7.700532162861244e-09	4.6581059657402546e-05	0.003534873374835905	0.018605457295503648	0.17044495612305993	0.15620716970634285	0.5956801723916997	2.126412866670974e-06
20.94967285243671	6.484297421546631e-09	4.0950267505145455e-05	0.0031349513138837835	0.016842157281105618	0.16543394810419432	0.15776475526134628	0.5966927981562226	2.05908742822914e-06
21.05039243345804	5.455635137994962e-09	3.596089744039463e-05	0.0027761947383805672	0.015220564956745534	0.16030745394476706	0.15915620488902227	0.5975089218481683	1.990829151949676e-06
21.15111201447937	4.586357583106555e-09	3.154501214646984e-05	0.002454880033383168	0.013732180753306178	0.15508557354915561	0.16037686642858512	0.5981148448999483	1.92185767190648e-06
21.2518315955007	3.852394107237722e-09	2.7641224333193964e-05	0.0021675588461721566	0.012368696527466123	0.14978822909180367	0.1614226358893996	0.5984963685820441	1.852390810414166e-06
21.35255117652203	3.233208492378757e-09	2.419414346164166e-05	0.0019110448230116408	0.011122029456972646	0.14443504256324782	0.16228998043636275	0.5986389445311743	1.7826432191479532e-06
21.45327075754336	2.711295886313531e-09	2.1153860036722627e-05	0.0016824001610888427	0.009984350815971734	0.1390452198129669	0.16297595827233127	0.5985278287435253	1.7128250807679409e-06
21.55399033856469	2.27174888067937e-09	1.8475465978130087e-05	0.0014789220976224005	0.008948109865435563	0.13363744198543623	0.16347823526100727	0.5981482374384547	1.6431408827791253e-06
21.654709919586022	1.9018836006369596e-09	1.6118609507529995e-05	0.0012981294455128038	0.008006053124252338	0.12822976513135723	0.16379509815883617	0.597485503229439	1.5737882740886245e-06
21.755429500607352	1.5909178253391193e-09	1.4047082939010807e-05	0.0011377492725140443	0.007151239310640263	0.12283952865566437	0.16392546435094266	0.5965252300850621	1.5049570133540905e-06
21.856149081628683	1.329694172530218e-09	1.2228441728489247e-05	0.000995703808848075	0.006377050261527384	0.11748327313954518	0.16386888801367763	0.5952534456220763	1.4368280167772812e-06
21.956868662650013	1.110442272697414e-09	1.0633653123803714e-05	0.0008700976565810025	0.005677198149775519	0.11217666794728397	0.1636255626546835	0.5936567493435361	1.369572511509195e-06
22.057588243671344	9.26574641959378e-10	9.236772758547076e-06	0.0007592053630102822	0.005045729326046745	0.10693444890216706	0.16319632001022563	0.5917224555162082	1.303351299322947e-06
22.158307824692674	7.725116506371849e-10	8.014647547324789e-06	0.0006614594098580518	0.004477025114179022	0.1017703661907906	0.16258262530858245	0.5894387294714009	1.2383141337016749e-06
22.259027405714004	6.435315872365172e-10	6.9466432662248455e-06	0.0005754386602709632	0.003965799886645825	0.09669714253361622	0.16178656893724436	0.5867947162105618	1.1745992120041293e-06
22.359746986735335	5.35642345246325e-10	6.014395238123458e-06	0.0004998572965446284	0.0035070967405301753	0.0917264415431259	0.16081085458024078	0.5837806603000607	1.1123327829315933e-06
22.460466567756665	4.454717215350273e-10	5.201580586425937e-06	0.00043355427313228735	0.003096281084957906	0.08686884608087238	0.15965878391980495	0.5803880161471561	1.0516288681460286e-06
22.561186148777992	3.7017371805368414e-10	4.493710571478742e-06	0.0003754833018898138	0.0027290324386162286	0.0821338463223848	0.15833423802351793	0.5766095478599822	9.925890955982574e-07
22.661905729799322	3.073485900261602e-10	3.877941579843312e-06	0.00032470337964192355	0.0024013347213263014	0.07752983714535637	0.15684165556376684	0.5724394180073211	9.353026409318451e-07
22.762625310820653	2.549746900319911e-10	3.342903396671357e-06	0.000280369862026674	0.0021094653071179717	0.07306412437271309	0.15518600804056423	0.5678732647078653	8.798462722458935e-07
22.863344891841983	2.1135042388186613e-10	2.878543454466797e-06	0.0002417260821668051	0.0018499830883194443	0.06874293932872062	0.15337277220125362	0.5629082665926737	8.262844925382934e-07
22.964064472863313	1.750448658349928e-10	2.4759858165808023e-06	0.00020809550799923514	0.0016197157812448011	0.06457146110374452	0.15140789987116854	0.5575431952976878	7.746697733180049e-07
23.064784053884644	1.4485578183591835e-10	2.1274037199951843e-06	0.00017887442804230113	0.0014157466845212516	0.060553845871908506	0.1492977854277154	0.5517784552547425	7.250428721754586e-07
23.165503634905974	1.19773983876855e-10	1.8259045685449067e-06	0.00015352515195469604	0.0012354010812949047	0.05669326256580889	0.1470492311664555	0.5456161106587797	6.774332265369365e-07
23.266223215927305	9.895308969192276e-11	1.56542633405326e-06	0.0001315697093986898	0.0010762324567984637	0.052991934183550755	0.14466941082142337	0.5390598995953546	6.318594154019439e-07
23.366942796948635	8.168389273334508e-11	1.3406443883378103e-06	0.00011258402842616513	0.0009360086833275276	0.04945118398541533	0.14216583151303644	0.5321152354154582	5.883296805700258e-07
23.467662377969965	6.737266038110171e-11	1.1468878532133658e-06	9.619257280910496e-05	0.000812698305787041	0.0460714858300318	0.13954629440543512	0.5247891955437205	5.468424987011065e-07
23.568381958991296	5.5522775894655524e-11	9.800646180729064e-07	8.206341639541593e-05	0.0007044570428301652	0.04285251790245785	0.13681885436090424	0.5170904980007544	5.073871955152264e-07
23.669101540012626	4.571922374461266e-11	8.365942350444515e-07	6.99037316387795e-05	0.0006096146013770274	0.0397932190983886	0.13399177888214397	0.5090294660103989	4.699445935158751e-07
23.769821121033957	3.761549043087409e-11	7.133479598443138e-07	5.9455668884545116e-05	0.0005266618860942182	0.03689184734903749	0.13107350663359388	0.5006179811475491	4.344876848069988e-07
23.870540702055287	3.092251524881578e-11	6.075952620779478e-07	5.049260274825008e-05	0.0004542386703294126	0.034146039199197856	0.1280726058308135	0.49186942556182756	4.0098232085699366e-07
23.971260283076617	2.5399379058474668e-11	5.169561817350145e-07	4.2815721958119836e-05	0.00039112178109140675	0.03155286998567998	0.12499773278215967	0.4827986138862389	3.6938791143264854e-07
24.071979864097948	2.0845465123907204e-11	4.3935895888939583e-07	3.6250939308110046e-05	0.00033621383797998627	0.029108914003756148	0.12185759085976884	0.4734217155078699	3.3965812537040315e-07
24.172699445119278	1.7093865549960838e-11	3.7300241109298434e-07	3.064609884661325e-05	0.0002885325745144049	0.026810304094450163	0.11866089016728588	0.4637561679394051	3.117415863594934e-07
24.27341902614061	1.400584064765994e-11	3.163225776257259e-07	2.586845807230391e-05	0.00024720076007527664	0.02465279013448689	0.11541630816002198	0.45382058208541215	2.8558255746948803e-07
24.37413860716194	1.146616748646518e-11	2.679631916460396e-07	2.1802423693412514e-05	0.0002114367316360393	0.022631795962494813	0.11213245145944571	0.4436346402458118	2.611216087513649e-07
24.47485818818327	9.379238618551004e-12	2.2674958041398206e-07	1.8347520397045266e-05	0.00018054553657575537	0.020742474328684757	0.10881781908830365	0.4332189877404117	2.3829626286498962e-07
24.5755777692046	7.665793073971585e-12	1.9166563019494908e-07	1.541657304762444e-05	0.00015391068108166112	0.018979759509808267	0.10548076733543196	0.42259511907263314	2.1704161432543095e-07
24.67629735022593	6.260179734693542e-12	1.618334862726587e-07	1.2934083765721752e-05	0.00013098647290496119	0.017338417285884474	0.10212947644067943	0.41178525957741025	1.972909186054703e-07
24.77701693124726	5.10806853998091e-12	1.3649568979946643e-07	1.0834786402643874e-05	0.00011129094245724213	0.015813092029193933	0.09877191927053912	0.4008122435175079	1.789761479721447e-07
24.87773651226859	4.164538035792168e-12	1.1499948209351189e-07	9.062362016117634e-06	9.439932235300008e-05	0.014398350708668408	0.09541583213431898	0.3896993896040416	1.620285115623716e-07
24.97845609328992	3.3924788848946717e-12	9.678303356803765e-08	7.568300038556366e-06	7.993806243877745e-05	0.0130887236634302	0.09206868786920472	0.37847037492072544	1.4637893780870621e-07
25.07917567431125	2.7612623852766238e-12	8.136337886626754e-08	6.310890911495286e-06	6.757935502272035e-05	0.01187874204731508	0.08873767130062463	0.36714910822723035	1.3195851790422018e-07
25.179895255332582	2.245631045760625e-12	6.832586209704735e-08	5.254337015924555e-06	5.70361433517816e-05	0.01076297189129316	0.08542965716214775	0.3557596036050652	1.1869890953952327e-07
25.280614836353912	1.8247750490241533e-12	5.731491644515217e-08	4.367969757190473e-06	4.8057585300734356e-05	0.009736044772416744	0.08215119053696827	0.34432585538963156	1.065327006503203e-07
25.381334417375243	1.4815641734792769e-12	4.80260209889821e-08	3.6255616535969695e-06	4.042494366368536e-05	0.008792685115989594	0.07890846986107236	0.3328717153047165	9.539373337687552e-08
25.482053998396573	1.2019096010687552e-12	4.019869441921569e-08	3.004723222926488e-06	3.394787430445145e-05	0.007927734191870334	0.07570733250666146	0.3214207726808823	8.52173888546602e-08
25.582773579417903	9.74234140315743e-13	3.361040063434007e-08	2.4863753638564085e-06	2.8461083660733395e-05	0.007136170896071181	0.07255324294352053	0.3099962385972884	7.594083382653175e-08
25.683493160439234	7.890328561765543e-13	2.807125500893345e-08	2.0542887754024504e-06	2.382132764680494e-05	0.0064131294350447555	0.0694512834559548	0.29862083473780376	6.75032303902272e-08
25.784212741460564	6.385090172144285e-13	2.3419432600157057e-08	1.6946827559549088e-06	1.990472480374243e-05	0.00575391405228501	0.06640614737384574	0.2873166876972993	5.984591047074445e-08
25.884932322481895	5.162727290217662e-13	1.951719078446376e-08	1.395876468695012e-06	1.6604357553423293e-05	0.005154010955182315	0.06342213475844613	0.276105229413266	5.2912516836090734e-08
25.985651903503225	4.170916911904234e-13	1.624742890231024e-08	1.147986449975456e-06	1.3828136576184925e-05	0.004609097614600094	0.060503150466881185	0.2650071043319922	4.664911265832885e-08
26.086371484524555	3.3668525354932254e-13	1.3510716530552902e-08	9.426647779635446e-07	1.1496904610820667e-05	0.00411504962055848	0.0576527045040571	0.2540420838481281	4.1004261761830566e-08
26.187091065545886	2.7155440698448646e-13	1.1222730091544618e-08	7.728729066112802e-07	9.542757333137201e-06	0.0036679452849352544	0.054873914556896844	0.24322898848227587	3.592908179963747e-08
26.287810646567216	2.1884156839003287e-13	9.312044730420505e-09	6.326867111321944e-07	7.907560374025195e-06	0.0032640681864717397	0.052169510593594697	0.23258561818407386	3.137727265968399e-08
26.388530227588546	1.7621504506945783e-13	7.718234827715527e-09	5.171287817748851e-07	6.541642962822094e-06	0.0028999078548704814	0.049541841399960526	0.22212869106890087	2.730512242851999e-08
26.489249808609877	1.4177392250883687e-13	6.390242237771905e-09	4.2202445187293295e-07	5.402650103819111e-06	0.00257215878967781	0.04699288291594113	0.2118737908156631	2.367149323444333e-08
26.589969389631207	1.1396983738740229e-13	5.2849764233910925e-09	3.4387845290738386e-07	4.454536594113001e-06	0.002277718006252311	0.04452424822807254	0.20183532287202358	2.0437789258114216e-08
26.690688970652538	9.154269740829617e-14	4.366115157599927e-09	2.7976945346653145e-07	3.666687554209552e-06	0.002013681295728037	0.04213719906792741	0.19202647953275528	1.7567909140332934e-08
26.791408551673868	7.346790998318617e-14	3.6030784428783793e-09	2.272600706836801e-07	3.0131514566336237e-06	0.0017773383787853213	0.03983265866254769	0.18245921387751918	1.5028184937250304e-08
26.8921281326952	5.891309899650915e-14	2.970151810529011e-09	1.8432023764877338e-07	2.4719728929280586e-06	0.0015661671245317127	0.03761122578035786	0.17314422247713257	1.2787309676326652e-08
26.99284771371653	4.72026363083506e-14	2.4457382572269212e-09	1.4926207398165566e-07	2.0246135089870737e-06	0.001377826996149372	0.03547318981507574	0.16409093670311503	1.081625545520225e-08
27.09356729473786	3.778860370183512e-14	2.0117207969975916e-09	1.2068464217607803e-07	1.6554506580154205e-06	0.0012101518744476385	0.03341854675060995	0.15530752240474138	9.08818390347332e-09
27.19428687575919	3.0227041211230675e-14	1.652919995656963e-09	9.742718209815193e-08	1.3513443667626493e-06	0.0010611423993170837	0.031447015851769546	0.14680088765171073	7.57835069716007e-09
27.29500645678052	2.4158537224683016e-14	1.3566329480273023e-09	7.85295994477423e-08	1.1012641828774844e-06	0.0009289579575422984	0.029558056928720062	0.1385766981794879	6.264005680167621e-09
27.39572603780185	1.929238119464106e-14	1.1122419893696981e-09	6.319914891549774e-08	8.959683694157891e-07	0.00081190843370114	0.027750888027397936	0.13063940011896275	5.124290008769391e-09
27.49644561882318	1.5393636874358287e-14	9.108830315172769e-10	5.078239472087263e-08	7.277287379596373e-07	0.0007084458291434834	0.0260245034034326	0.1229922495427738	4.140131596343227e-09
27.59716519984451	1.2272607476375183e-14	7.451648081814125e-10	4.074165877479754e-08	5.900951665769632e-07	0.0006171558424646903	0.024377691643407688	0.115637348317846	3.294139998227125e-09
27.69788478086584	9.776257990536224e-15	6.089315270765617e-10	3.2635276353157215e-08	4.776945357600961e-07	0.0005367494936084472	0.022809053804400795	0.10857568571769471	2.5705017423545775e-09
27.798604361887172	7.781237425446547e-15	4.970624805520983e-10	2.6101075479673716e-08	3.860594378206539e-07	0.0004660548628681022	0.021317021450555	0.1018071852190335	1.9548769817192105e-09
27.899323942908502	6.188207721297609e-15	4.0530308068332093e-10	2.0842580290037493e-08	3.114825766388088e-07	0.00040400900570228694	0.019899874473832468	0.09533075588530249	1.4342982208999e-09
28.000043523929833	4.917238836958082e-15	3.301225764899219e-10	1.661751107656837e-08	2.508932790479072e-07	0.0003496500945159858	0.018555758594963587	0.08914434772488641	9.970717518016923e-10
28.100763104951163	3.9040729677747045e-15	2.6859439542524325e-10	1.3228216921505333e-08	2.017529904843307e-07	0.00030210982944028046	0.01728270244981297	0.08324501040394311	6.326823241576144e-10
28.201482685972493	3.097096607289955e-15	2.1829564208179435e-10	1.0513731691825946e-08	1.619670298846818e-07	0.00026060615171323673	0.01607863417582671	0.07762895469270663	3.3170147470856117e-10
28.302202266993824	2.4548885603682732e-15	1.772227961877486e-10	8.343189567059838e-09	1.29810236165273e-07	0.00022443628554543563	0.01494139742279098	0.07229161602960632	8.569984565953287e-11
28.402921848015154	1.944236155375051e-15	1.4372109001646386e-10	6.610378965653607e-09	1.0386445487256686e-07	0.00019297012735711294	0.01386876672171951	0.06722771959920411	-1.1283626185057062e-10
28.503641429036485	1.5385317087648214e-15	1.1642542162391084e-10	5.229244889465806e-09	8.296609250442541e-08	0.00016564399499791513	0.012858462155199995	0.06243134633736977	-2.705839299132987e-10
28.604361010057815	1.2164775290314666e-15	9.421098306518436e-11	4.130183300531538e-09	6.616221115092751e-08	0.00014195474399232986	0.011908163281877233	0.05789599929982478	-3.934581603470764e-10
28.705080591079145	9.610410396892442e-16	7.615205911143796e-11	3.256992073112511e-09	5.267385086910173e-08	0.00012145425297237604	0.011015522276854482	0.05361466985764633	-4.866818641502737e-10
28.805800172100476	7.586124749208791e-16	6.148768828685049e-11	2.564368307357647e-09	4.186545475056585e-08	0.00010374427623512588	0.0101781762585798	0.04957990321498019	-5.548513146834535e-10
28.906519753121806	5.983264881845578e-16	4.959307977052942e-11	2.015856910242939e-09	3.3219434901628887e-08	8.84716577611741e-05	0.00939375878118915	0.045783862779452844	-6.019971200971017e-10
29.007239334143136	4.71516269537667e-16	3.995585165527427e-11	1.5821724969841223e-09	2.6315059240290614e-08	7.53238980118737e-05	0.008659910479245832	0.042218392953996486	-6.316408083262028e-10
29.107958915164463	3.712746853632531e-16	3.215630239665354e-11	1.2398296203999867e-09	2.0810961605457974e-08	6.402506234542851e-05	0.007974288859302146	0.03887507995936817	-6.468471493194078e-10
29.208678496185794	2.9210177645987006e-16	2.5851051646460822e-11	9.700260368124907e-10	1.6430683430899522e-08	5.4332017910118166e-05	0.007334577239674803	0.035745310338943986	-6.502723645745913e-10
29.309398077207124	2.296218761179263e-16	2.07594921869788e-11	7.577346582626378e-10	1.2950746207243854e-08	4.6030984341443883e-05	0.00673849284624377	0.0328203268407826	-6.442083940473947e-10
29.410117658228454	1.8035680246825012e-16	1.665258408621181e-11	5.909658576407911e-10	1.0190831984207692e-08	3.893438246304794e-05	0.006183794077931382	0.030091281415882243	-6.306234056077394e-10
29.510837239249785	1.4154417340760547e-16	1.3343597828836904e-11	4.601698778321465e-10	8.00571590588758e-09	3.287796442390806e-05	0.005668286960785409	0.027549285115456103	-6.111987429741703e-10
29.611556820271115	1.1099199799473711e-16	1.0680477068894924e-11	3.577531954210544e-10	6.278651699873656e-09	2.771820825276387e-05	0.005189830814267877	0.02518545471336587	-5.873625149587099e-10
29.712276401292446	8.696240568863016e-17	8.539545542060358e-12	2.776881867194727e-10	4.915959466874113e-09	2.3329959633182088e-05	0.004746343157443684	0.022990955922120714	-5.6032003240222e-10
29.812995982313776	6.807875810683483e-17	6.820328066040656e-12	2.1519828507260756e-10	3.842606200742802e-09	1.960430375948978e-05	0.004335803886277097	0.020957043111605116	-5.310812998299468e-10
29.913715563335106	5.325150758379311e-17	5.441293732510395e-12	1.6650472151055932e-10	2.998604230411873e-09	1.6446650387984942e-05	0.00395625875619298	0.019075095478565465	-5.004857670488058e-10
30.014435144356437	4.1619072107750655e-17	4.336361453490266e-12	1.286232402227316e-10	2.336082111107775e-09	1.3775015615130707e-05	0.0036058222064617273	0.017336649651512735	-4.692245420411047e-10
30.115154725377767	3.250072752793369e-17	3.4520349099646787e-12	9.920109633644286e-11	1.8169071853189905e-09	1.1518484463529025e-05	0.003282679564845438	0.015733428749805767	-4.378602609552441e-10
30.215874306399098	2.535910812306626e-17	2.745056463578655e-12	7.638639732437863e-11	1.4107597660190496e-09	9.615839009009956e-06	0.0029850886723238046	0.014257367947033948	-4.068448040882843e-10
30.316593887420428	1.97703824815536e-17	2.1804884173732894e-12	5.87241620082823e-11	1.0935762570802228e-09	8.014337512780151e-06	0.00271138096863206	0.01290063661723959	-3.76535038800683e-10
30.41731346844176	1.540055494762355e-17	1.730145730385497e-12	4.507312234012366e-11	8.46293029984433e-10	6.668630808792818e-06	0.0024599620798215365	0.011655657167892887	-3.4720676156420006e-10
30.51803304946309	1.1986651343901491e-17	1.3713173974544538e-12	3.453950048120967e-11	6.538349624162462e-10	5.53980301867119e-06	0.0022293119491304993	0.01051512068577516	-3.1906700206263017e-10
30.61875263048442	9.321795668364323e-18	1.0857246184290452e-12	2.642481545386943e-11	5.043025914421048e-10	4.594524507670779e-06	0.0020179845521641256	0.009471999541020865	-2.9226484264189166e-10
30.71947221150575	7.243383646681392e-18	8.586729545107903e-13	2.0183765365884775e-11	3.8832016557216607e-10	3.804305840840106e-06	0.0018246072367639897	0.008519557110536185	-2.6690089661688465e-10
30.82019179252708	5.623718852350882e-18	6.78363203106158e-13	1.5391720876565514e-11	2.985137723695604e-10	3.1448423366168833e-06	0.0016478797270356176	0.007651354794911615	-2.4303557914515596e-10
30.92091137354841	4.36260523953846e-18	5.353319688927885e-13	1.1718195191289825e-11	2.2909440643235245e-10	2.595439635602394e-06	0.001486572829833796	0.006861256512880647	-2.206962946819177e-10
31.02163095456974	3.3814925564572757e-18	4.219980805745132e-13	8.906869546950733e-12	1.7552552581520948e-10	2.1385114971635367e-06	0.001339526880615022	0.006143430864474992	-1.9988365555804035e-10
31.12235053559107	2.618853221281037e-18	3.322952789185695e-13	6.758918605114009e-12	1.3425849176775195e-10	1.7591417995450768e-06	0.0012056499639893248	0.00549235115845276	-1.8057683703404635e-10
31.2230701166124	2.0265348843860998e-18	2.6137513235106066e-13	5.1204844641357325e-12	1.0252243907168495e-10	1.44470344560751e-06	0.001083915942573214	0.004902793501503191	-1.62738165363586e-10
31.323789697633732	1.5668853249889724e-18	2.0536704755921077e-13	3.872869133062283e-12	7.815770163525204e-11	1.1845275627788579e-06	0.0009733623258932026	0.004369833146372639	-1.463170269789518e-10
31.424509278655062	1.2104881589186946e-18	1.6118463961272157e-13	2.9243459799373545e-12	5.94840204029504e-11	9.69617030139071e-07	0.0008730880091455598	0.00388883929361346	-1.3125317893445366e-10
31.525228859676393	9.343811773720757e-19	1.2636969715664033e-13	2.204487097511467e-12	4.519647168144555e-11	7.923989665721463e-07	0.0007822509096103939	0.0034554685373584535	-1.1747953323208064e-10
31.625948440697723	7.206556904291834e-19	9.89665967460225e-14	1.6590153309409912e-12	3.4283443363788134e-11	6.465113713021237e-07	0.0007000655264729204	0.003065657139599295	-1.0492448061130945e-10
31.726668021719053	5.553563763414088e-19	7.74213476264251e-14	1.2464635427314666e-12	2.5962112182722237e-11	5.266196222575776e-07	0.0006258004477455424	0.002715612310116436	-9.351381282886021e-11
31.827387602740384	4.276179313718072e-19	6.050053515809864e-14	9.34869489951654e-13	1.962778506081489e-11	4.282590095400699e-07	0.0005587758259324894	0.0024018026607075154	-8.317229636502692e-11
31.928107183761714	3.2898815158203013e-19	4.722631995163263e-14	7.000089577841775e-13	1.4814201551291128e-11	3.4769991221337816e-07	0.0004983608420534901	0.002120947992899978	-7.382494487788348e-11
32.02882676478305	2.528976591745471e-19	3.682437572567185e-14	5.232828873000604e-13	1.1162485015377477e-11	2.818326184379417e-07	0.00044397117566113373	0.001870008568133249	-6.539803255459976e-11
32.12954634580438	1.942448732233376e-19	2.868224097873534e-14	3.904822677236193e-13	8.396904483250213e-12	2.280691436605001e-07	0.00039506649656283237	0.0016461739986452749	-5.781988577986895e-11
32.23026592682571	1.4907146655581318e-19	2.231604182220349e-14	2.908777243530866e-13	6.305989182386518e-12	1.8425972131929736e-07	0.00035114799210505594	0.0014468518861937782	-5.1021486220400084e-11
32.33098550784703	1.1430880544245615e-19	1.7343935596054212e-14	2.163023856275045e-13	4.727841560821036e-12	1.4862192763555197e-07	0.00031175594210529096	0.0012696563244536051	-4.493691449872426e-11
32.43170508886836	8.7580022378767e-20	1.3464943545448983e-14	1.6056242798452193e-13	3.538737033054738e-12	1.196806588766415e-07	0.00027646735183407925	0.0011123963696111144	-3.950366007403217e-11
32.53242466988969	6.70456523343987e-20	1.0442099345794174e-14	1.1900983827984673e-13	2.6442916414167987e-12	9.621740834372511e-08	0.0002448936518623799	0.0009730645724730905	-3.466281973695656e-11
32.63314425091102	5.1283350691995544e-20	8.089049700522747e-15	8.800070179743386e-14	1.972632107737029e-12	7.722749356769176e-08	0.00021667847210271767	0.0008498256544380396	-3.035920423716763e-11
32.733863831932354	3.9194250895125646e-20	6.259412690154732e-15	6.501686629652941e-14	1.4691242499404678e-12	6.188406403821984e-08	0.00019149549598971842	0.0007410053990540811	-2.6541369975000995e-11
32.834583412953684	2.9930126139326364e-20	4.838336474615638e-15	4.789722726495316e-14	1.0923118407198917e-12	4.950787839651146e-08	0.0001690463994679837	0.0006450798206995304	-2.3161590371980463e-11
32.935302993975014	2.2836783216946004e-20	3.735811442460766e-15	3.523299388509901e-14	8.107938386294515e-13	3.954197944132441e-08	0.0001490588782834346	0.0005606646622382731	-2.0175779479780425e-11
33.036022574996345	1.7410109985619745e-20	2.8813779455852727e-15	2.5873380982096295e-14	6.008276661781322e-13	3.1530517458868923e-08	0.00013128476600734752	0.0004865052643955472	-1.754337855396212e-11
33.136742156017675	1.326197800992604e-20	2.219943424810626e-15	1.8985303083551855e-14	4.4449316702119436e-13	2.510107909161457e-08	0.00011549824425848109	0.00042146684109679487	-1.5227214706838263e-11
33.237461737039006	1.0093813950039193e-20	1.708480336379663e-15	1.3890143065789836e-14	3.282887046117128e-13	1.99499718796448e-08	0.00010149414572522647	0.00036452518716133063	-1.3193339326827206e-11
33.338181318060336	7.676132999916447e-21	1.313422530536705e-15	1.0121866946969408e-14	2.4205969161263876e-13	1.5829995279660688e-08	8.90863498231183e-05	0.00031475783754843483	-1.1410852703084182e-11
33.438900899081666	5.832703359638114e-21	1.0086148042275829e-15	7.37356319898899e-15	1.7818235528445192e-13	1.2540298799620514e-08	7.810627014919381e-05	0.0002713356908332806	-9.851720200259699e-12
33.539620480103	4.428304656123266e-21	7.737000304295662e-16	5.388033327935397e-15	1.3094309423238813e-13	9.917988163286726e-09	6.840143230898967e-05	0.00023351510373745038	-8.490584377190586e-12
33.64034006112433	3.3592729812244432e-21	5.928519991687195e-16	3.903547891290183e-15	9.606743328514962e-14	7.831192299102988e-09	5.98341401893995e-05	0.00020063045833792857	-7.304576618426499e-12
33.74105964214566	2.5462046418501117e-21	4.53781057250646e-16	2.821374319188924e-15	7.036318018540386e-14	6.1733484770134725e-09	5.228022832590646e-05	0.00017208719902069068	-6.273131136067584e-12
33.84177922316699	1.9283307088695233e-21	3.469547485122844e-16	2.0400228261010935e-15	5.1450596793835876e-14	4.8585010318535835e-09	4.562789766038703e-05	0.0001473553322962245	-5.377803587703383e-12
33.94249880418832	1.459183575970865e-21	2.6498769533724885e-16	1.4558565336481677e-15	3.7558743746210666e-14	3.817441648613389e-09	3.97766317001727e-05	0.00012596337922634882	-4.602096036411007e-12
34.04321838520965	1.103261724207709e-21	2.0216453883641038e-16	1.0745908362207954e-15	2.7372053676456605e-14	2.9945468856850257e-09	3.463618986478798e-05	0.00010749276739316821	-3.931289536092422e-12
34.14393796623098	8.334650118228081e-22	1.540673632751653e-16	7.896213741912059e-16	1.9914957894738403e-14	2.3451921339661387e-09	3.0125674638189362e-05	9.157264703331245e-05	-3.3522852528011035e-12
34.24465754725231	6.291242105352853e-22	1.172850668863131e-16	5.488481187645702e-16	1.446528805386181e-14	1.8336411310969403e-09	2.6172669025994956e-05	7.787511411956931e-05	-2.8534547232616194e-12
34.34537712827364	4.744884299524947e-22	8.918692465192785e-17	4.104129619409627e-16	1.0489395591738048e-14	1.4313269790464533e-09	2.2712440743822666e-05	6.611082176623124e-05	-2.4244995929574454e-12
34.44609670929497	3.5756504708188264e-22	6.774637424862115e-17	2.653201755738787e-16	7.593631653439192e-15	1.1154547938189524e-09	1.9687209529377094e-05	5.602496031576809e-05	-2.0563209658838295e-12
34.5468162903163	2.6923077039741736e-22	5.140404844981833e-17	1.706402872444426e-16	5.488128525913809e-15	8.678680351056904e-10	1.7045473972476586e-05	4.7393585791882834e-05	-1.7408983292959518e-12
34.64753587133763	2.0255106563904833e-22	3.896143918032403e-17	1.2757181196238381e-16	3.9598132493700056e-15	6.741305571280156e-10	1.4741394289219165e-05	4.002027604664653e-05	-1.4711778787918832e-12
34.74825545235896	1.522595613075157e-22	2.949844048092211e-17	8.152370972203224e-17	2.8523368954706264e-15	5.227847802837888e-10	1.2734227524617579e-05	3.373309383532945e-05	-1.2409699660677858e-12
34.84897503338029	1.1436017710318526e-22	2.2309483777077653e-17	8.87127043252609e-17	2.0511745488455712e-15	4.047533570810715e-10	1.0987811748283698e-05	2.8381836196191077e-05	-1.0448553106586473e-12
34.94969461440162	8.582331146998825e-23	1.6854131775747485e-17	3.8656933632198877e-17	1.4725840861386002e-15	3.1285751057081704e-10	9.470095906382866e-06	2.383554985435661e-05	-8.780995578788899e-13
35.05041419542295	6.435405530166837e-23	1.2718902798530459e-17	4.279218407867207e-17	1.0554393230199003e-15	2.414300435737833e-10	8.15271210669545e-06	1.9980292874248713e-05	-7.365757271108941e-13
35.15113377644428	4.821551105864895e-23	9.587807605918174e-18	4.59232954098286e-17	7.552002466851253e-16	1.860050100132293e-10	7.010587239102309e-06	1.6717123431450173e-05	-6.166940661640329e-13
35.25185335746561	3.6094234266578725e-23	7.219637169090506e-18	-7.219673263324773e-18	5.394692064935043e-16	1.430693397871001e-10	6.021590968336894e-06	1.3960297322449635e-05	-5.153388182116105e-13
35.352572938486944	2.699784467543721e-23	5.430475176821852e-18	-5.4305021746665274e-18	3.847218748867328e-16	1.0986442974497314e-10	5.166217276893835e-06	1.1635656669446084e-05	-4.2981140286266613e-13
35.453292519508274	2.0177184230398398e-23	4.080249241119462e-18	-4.080269418303692e-18	2.739067820127175e-16	8.422795188871916e-11	4.4272968813056645e-06	9.679193172215538e-06	-3.577795184939327e-13
35.554012100529604	1.5067188711159765e-23	3.06240025103867e-18	-3.0624153182273812e-18	1.9468584435041283e-16	6.446796726349375e-11	3.789737992616563e-06	8.035770194054794e-06	-2.9723168688944923e-13
35.654731681550935	1.1242013417473631e-23	2.295956258807735e-18	-2.2959675008211526e-18	1.3814706058275803e-16	4.9262938630589737e-11	3.2402930400694057e-06	6.6579889332336574e-06	-2.464367757596772e-13
35.755451262572265	8.381006436962985e-24	1.7194583767711224e-18	-1.7194667577775594e-18	9.786437042987346e-17	3.7582464390436023e-11	2.7673491242885694e-06	5.505184896611795e-06	-2.0390805665846284e-13
35.856170843593596	6.242929814471165e-24	1.2863114152851099e-18	-1.2863176582149244e-18	6.9212294777106e-17	2.8624558455867296e-11	2.360740111320769e-06	4.5425418588262325e-06	-1.683713785422797e-13
35.956890424614926	4.646446425335898e-24	9.612292536576444e-19	-9.612339001040698e-19	4.886721347768532e-17	2.1766116013190926e-11	2.0115784207230574e-06	3.74031143810806e-06	-1.38737062112946e-13
36.057610005636256	3.455362525319476e-24	7.175203689896148e-19	-7.175238243521402e-19	3.444511079197362e-17	1.652386677443153e-11	1.7121046985870243e-06	3.0731273449633055e-06	-1.1407514596012414e-13
36.15832958665759	2.5674766763061602e-24	5.350173776775765e-19	-5.350199451542528e-19	2.4238920875736903e-17	1.2523653167533009e-11	1.4555536992535067e-06	2.519404252509019e-06	-9.359364173586564e-14
36.25904916767892	1.906161082837645e-24	3.9849964753197146e-19	-3.985015536930543e-19	1.702843203432185e-17	9.476303910509737e-12	1.2360348269516208e-06	2.0608120924455246e-06	-7.661948169527118e-14
36.35976874870025	1.4140113430108438e-24	2.964929655709099e-19	-2.964943795822529e-19	1.1942953017657915e-17	7.1587225492394465e-12	1.0484259102750313e-06	1.6818173952017466e-06	-6.25818675730578e-14
36.46048832972158	1.048060592024815e-24	2.2035720011975293e-19	-2.2035824818034495e-19	8.362275502543184e-18	5.399091441990514e-12	8.882788979949843e-07	1.3692840616041584e-06	-5.0997754557312557e-14
36.56120791074291	7.76175790916126e-25	1.6359367036124205e-19	-1.6359444653703297e-19	5.845382079094812e-18	4.065317195165295e-12	7.517362740192104e-07	1.1121266764965982e-06	-4.145922791185268e-14
36.66192749176424	5.743465248047682e-25	1.2131992863692704e-19	-1.2132050298345186e-19	4.079218984366322e-18	3.0560242258817286e-12	6.354570922474036e-07	9.010101502153129e-07	-3.362255239047397e-14
36.76264707278557	4.246470444063726e-25	8.987195627744612e-20	-8.987238092449053e-20	2.8419525383909356e-18	2.293547559442652e-12	5.365516286372465e-07	7.280901004261886e-07	-2.7198695828068827e-14
36.8633666538069	3.1370570520931328e-25	6.650321536041087e-20	-6.650352906611608e-20	1.976661510130559e-18	1.718491187648469e-12	4.525237380379821e-07	5.867889693235517e-07	-2.1945148273401447e-14
36.96408623482823	2.31556476123438e-25	4.9157240006817207e-20	-4.915747156329333e-20	1.3725351485415332e-18	1.2855100328101713e-12	3.812200873870295e-07	4.716034030114313e-07	-1.7658876436771174e-14
37.06480581584956	1.7077789248402804e-25	3.6295997595827385e-20	-3.629616837371987e-20	9.514595473011235e-19	9.600464216996252e-13	3.2078551486188713e-07	3.77938911640543e-07	-1.4170270393720023e-14
37.16552539687089	1.2584807332261155e-25	2.677049386962799e-20	-2.6770619717701314e-20	6.58465258700872e-19	7.158097305676376e-13	2.6962383673576585e-07	3.019682740797337e-07	-1.1337955130953164e-14
37.26624497789222	9.26620055502461e-26	1.9723338493295578e-20	-1.972343115530113e-20	4.54936820533513e-19	5.328335520063726e-13	2.2636349023191815e-07	2.405105584291552e-07	-9.044353929999868e-15
37.36696455891355	6.817058543773777e-26	1.4515462304389813e-20	-1.451553047497525e-20	3.137942594668548e-19	3.9598080318349607e-13	1.8982746186203475e-07	1.9092799505916304e-07	-7.191903564723647e-15
37.46768413993488	5.011094062847329e-26	1.0671063777391535e-20	-1.0671113888332163e-20	2.160800068352848e-19	2.9379560995576577e-13	1.5900700683816124e-07	1.5103827285880254e-07	-5.699833210563077e-15
37.56840372095621	3.6805124360404767e-26	7.836298269422607e-21	-7.836335074546967e-21	1.485456230687816e-19	2.176231406961083e-13	1.330387164453125e-07	1.1904012500238476e-07	-4.501429551665304e-15
37.66912330197754	2.700997780999071e-26	5.748315539091366e-21	-5.7483425490691766e-21	1.0194849497288025e-19	1.6093609046836755e-13	1.1118453703931531e-07	9.34503378298595e-08	-3.541720178522888e-15
37.76984288299887	1.9805251813242916e-26	4.212080283626426e-21	-4.212100088878239e-21	6.985177753771245e-20	1.1882023916020413e-13	9.281438687832627e-08	7.305055493201914e-08	-2.77551596473648e-15
37.8705624640202	1.4510310743803966e-26	3.0830394388521545e-21	-3.083053949162898e-21	4.7780400952842385e-20	8.758223003673598e-14	7.73910555921907e-08	5.684245828201081e-08	-2.1657606893230566e-15
37.971282045041534	1.0622170324081448e-26	2.2541765080996756e-21	-2.25418713027e-21	3.26285520598249e-20	6.445107682213667e-14	6.445710602119968e-08	4.401009775046917e-08	-1.682143033312008e-15
38.072001626062864	7.76944527624688e-27	1.6463537520724075e-21	-1.6463615215176838e-21	2.2244441076105934e-20	4.735141463656518e-14	5.36235296875332e-08	3.3888303369926935e-08	-1.299931993326724e-15
38.172721207084194	5.678151378567137e-27	1.2011155658397876e-21	-1.2011212439911662e-21	1.513982580807181e-20	3.473156399192202e-14	4.455993556193179e-08	2.5936262835314106e-08	-9.99002138241954e-16
38.273440788105525	4.14633248590969e-27	8.753320531653242e-22	-8.7533619949781e-22	1.0287170623617128e-20	2.5433394304634917e-14	3.698607730733058e-08	1.9715472361112195e-08	-7.630197072840199e-16
38.374160369126855	3.0252515033716647e-27	6.372168739351815e-22	-6.372198991866849e-22	6.978252697473564e-21	1.859400357393877e-14	3.0664547060817477e-08	1.4871383134593325e-08	-5.78764707255156e-16
38.474879950148186	2.205459311207053e-27	4.633702025873766e-22	-4.633724080466878e-22	4.72577592398947e-21	1.3571570204281988e-14	2.5394484283132222e-08	1.1118160597574093e-08	-4.3556763268267393e-16
38.575599531169516	1.6064855279445234e-27	3.3658544889823514e-22	-3.365870553837631e-22	3.1950322261262346e-21	9.889535342541091e-15	2.1006166475620252e-08	8.226061598424638e-09	-3.2484264034144896e-16
38.676319112190846	1.169216104486855e-27	2.4422435435975037e-22	-2.4422552357585484e-22	2.15651778801188e-21	7.194660044619932e-15	1.7356364839328475e-08	6.0110054434438816e-09	-2.3970160536222066e-16
38.77703869321218	8.502623777815183e-28	1.7701456519714249e-22	-1.7701541545952027e-22	1.4531368991988662e-21	5.2255651977771386e-15	1.4324362417550492e-08	4.32598023406331e-09	-1.7463587802804985e-16
38.87775827423351	6.178048887588395e-28	1.2816086629281408e-22	-1.2816148409770283e-22	9.77542619742822e-22	3.789176761934089e-15	1.1808545096082015e-08	3.0539801555557767e-09	-1.252545486135379e-16
38.97847785525484	4.485283737586102e-28	9.268901461668409e-23	-9.268946314505784e-23	6.565088060610388e-22	2.7431216103885763e-15	9.723487196218868e-09	2.102216030684388e-09	-8.806973766453585e-17
39.07919743627617	3.2536340609329636e-28	6.696185793814815e-23	-6.696218330155424e-23	4.4017066395718765e-22	1.982594329158262e-15	7.997463432979497e-09	1.397383205705995e-09	-6.032096061363324e-17
39.1799170172975	2.3582383273417325e-28	4.8322914984851137e-23	-4.8323150808683873e-23	2.9463023892756754e-22	1.4305770693335504e-15	6.570327861904331e-09	8.818041178755257e-10	-3.983183756429411e-17
39.28063659831883	1.7078388331215998e-28	3.483414479342847e-23	-3.483431557731178e-23	1.9688345656154373e-22	1.030569442673613e-15	5.391708227239088e-09	5.102927959394067e-10	-2.4893517363650006e-17
39.38135617934016	1.2357945586324798e-28	2.50832369205061e-23	-2.5083360499961963e-23	1.3134598964813595e-22	7.411939478417259e-16	4.419470966545304e-09	2.476139546404495e-10	-1.4170118920080092e-17
39.48207576036149	8.934821409235802e-29	1.8042154892901067e-23	-1.804224424111516e-23	8.747825135398556e-23	5.32200244343125e-16	3.6184181256389224e-09	6.642999059384899e-11	-6.6222521552934084e-18
39.58279534138282	6.454545654835268e-29	1.2963421221054087e-23	-1.2963485766510636e-23	5.816464119844584e-23	3.815108349835251e-16	2.959182687398694e-09	-5.4352581649274725e-11	-1.4453517785699817e-18
39.68351492240415	4.6589245927880026e-29	9.304161878300686e-24	-9.304208467546614e-24	3.8609457368930595e-23	2.730406349335247e-16	2.417293403512968e-09	-1.3091070471472325e-10	1.9798902594073322e-18
39.78423450342548	3.360051150061391e-29	6.670544443444974e-24	-6.670578043956474e-24	2.5586096100695673e-23	1.950905780896527e-16	1.972384216368557e-09	-1.7556677233773228e-10	4.12722735540422e-18
39.88495408444681	2.4212871629237398e-29	4.777181100142661e-24	-4.7772053130142905e-24	1.6927391541743697e-23	1.3916624455610086e-16	1.6075268379864851e-09	-1.9763555132293433e-10	5.356564509003298e-18
39.98567366546814	1.7433593432955806e-29	3.417500037453198e-24	-3.4175174710466306e-24	1.118025572384958e-23	9.911060376479272e-17	1.3086680759997884e-09	-2.0409679630325246e-10	5.939177771505982e-18
40.08639324648947	1.2542026991097439e-29	2.442146706853314e-24	-2.4421592488803052e-24	7.372064372989466e-24	7.046848545615987e-17	1.0641561184253141e-09	-2.0012756246993298e-10	6.077706730426034e-18
40.1871128275108	9.01547787299356e-30	1.743256810714444e-24	-1.7432658261923168e-24	4.8529094142984934e-24	5.002168937676645e-17	8.643422587065136e-10	-1.8952138736348068e-10	5.921927785622386e-18
40.28783240853213	6.475152122573825e-30	1.2430179228196023e-24	-1.2430243979717249e-24	3.1892674094148016e-24	3.544952124349544e-17	7.012465040589768e-10	-1.7501747918154638e-10	5.5811665044137455e-18
40.38855198955346	4.646772422451787e-30	8.85359822621e-25	-8.853644693934224e-25	2.092451350137199e-24	2.5081355005987844e-17	5.68277202463623e-10	-1.5855758044629707e-10	5.1340057044315466e-18
40.48927157057479	3.331908250867507e-30	6.299246862487657e-25	-6.299280181570166e-25	1.3705519064660139e-24	1.7716593398765017e-17	4.5999628119213455e-10	-1.4148541457474034e-10	4.635843432541153e-18
40.589991151596124	2.3871233886541262e-30	4.476966512793295e-25	-4.476990384027182e-25	8.962131068971322e-25	1.2493900491327098e-17	3.7192294296418085e-10	-1.2470099033635775e-10	4.124757441262723e-18
40.690710732617454	1.7088223093424607e-30	3.178377390396576e-25	-3.1783944786196695e-25	5.850631947998908e-25	8.796389854445043e-18	3.003697415627558e-10	-1.0877878504418789e-10	3.626012670710597e-18
40.791430313638784	1.2222474670108625e-30	2.2539977521465417e-25	-2.2540099746212116e-25	3.813027608959083e-25	6.183003567129328e-18	2.423058805733785e-10	-9.405819485624393e-11	3.1555241072808346e-18
40.892149894660115	8.734973461498137e-31	1.5967167960004413e-25	-1.5967255309739028e-25	2.4809202598881474e-25	4.3389348274823176e-18	1.9524336757462808e-10	-8.071170998135861e-11	2.7224794258318003e-18
40.992869475681445	6.237409208673084e-31	1.129870599507024e-25	-1.1298768369162327e-25	1.6115038439152478e-25	3.0398724296098288e-18	1.5714232972537175e-10	-6.879611353609257e-11	2.3313192520389038e-18
41.093589056702776	4.45027745026816e-31	7.986489433441353e-26	-7.986533936215855e-26	1.0450223290152223e-25	2.126259132165403e-18	1.263323711128135e-10	-5.829074535153431e-11	1.983226285949402e-18
41.194308637724106	3.172562171709453e-31	5.639096596363658e-26	-5.639128321985376e-26	6.765431150810166e-26	1.4847920277571166e-18	1.0144734126143478e-10	-4.912514061975112e-11	1.6772107085314526e-18
