# -----------------------------------
# SAS_MoCa Version 1.4.0
# Fri Apr 24 10:55:44 2026
# -----------------------------------
datafile:	./POPC_50C_Symmetry2021.dat
save-folder:	RES_POPC-Symmetry2021
qrange:	[0.005, 0.6]
model:	LUV_POPC
temperature-init:	400
temperature-gain:	50
target-X2:	0.005
data-binning:	1
error-scale:	1
iterations:	100
processes:	64
plot-only:	False
state:	0
# -----------------------------------
q	I_data	I_err	I_fit
0.00527718027	0.07412517	0.00584518858	0.07072348809943993
0.00589509545	0.06593432	0.00420839574	0.05266354286125983
0.00651301063	0.054607518	0.00311882321	0.0450026718706629
0.00713092581	0.044579941	0.00248766191	0.041196524635387026
0.00774884099	0.041338273	0.00209743883	0.038220108283567755
0.00836675617	0.035502104	0.00179729521	0.03511243654869818
0.00898467136	0.032234558	0.00157975677	0.03183859364927425
0.00960258654	0.028824129	0.00140850022	0.028628396269052194
0.0102205017	0.02510555	0.00126127097	0.025687535409219794
0.0108384169	0.022081056	0.00114822398	0.023121139121763182
0.0114563321	0.021635813	0.00105140325	0.02094742660911465
0.0120742473	0.019333966	0.000974836486	0.019133654476119522
0.0126921624	0.019210849	0.000919704493	0.017626570243769964
0.0133100776	0.019355749	0.0008521424	0.01637095675974121
0.0139279928	0.01530076	0.000799411188	0.015318278400693082
0.014545908	0.015179024	0.0007679398	0.014429223423108152
0.0151638232	0.014015798	0.000728734631	0.013673239882174068
0.0157817384	0.013264628	0.000686765101	0.013026971489342069
0.0163996535	0.011882358	0.000660169688	0.0124725587366157
0.0170175687	0.012013634	0.000634414433	0.011996191376108075
0.0176354839	0.011273706	0.000610201153	0.011587004147106903
0.0182533991	0.0107256563	0.000593958922	0.01123628013544679
0.0188713143	0.0108489906	0.000571407463	0.010936893094718226
0.0194892294	0.0107653154	0.000552233546	0.010682920064078423
0.0201071446	0.010491994	0.000540839764	0.010469370293908434
0.0207250598	0.0097666428	0.000523334703	0.010291992576540848
0.021342975	0.0095689848	0.000507055535	0.010147134161802802
0.0219608902	0.0100866533	0.000499539007	0.010031634890104654
0.0225788054	0.009799173	0.00048603676	0.009942745339078652
0.0231967205	0.0087142186	0.000472217415	0.009878061998530733
0.0238146357	0.0089831974	0.000466539145	0.009835474838275302
0.0244325509	0.0092322232	0.000453558042	0.009813124365759946
0.0250504661	0.0084650055	0.000445645524	0.00980936586965145
0.0256683813	0.0090555135	0.00044179948	0.009822739521323145
0.0262862964	0.0087276986	0.00043004622	0.009851945154683569
0.0269042116	0.0091371845	0.00042165258	0.009895820927577638
0.0275221268	0.0090067334	0.000415982301	0.009953325126441976
0.028140042	0.0089973029	0.000408464981	0.010023520680537818
0.0287579572	0.0091996778	0.000402372668	0.01010556189054894
0.0293758723	0.0090798534	0.000397328399	0.01019868302601324
0.0299937875	0.008527114	0.000389913989	0.010302188589848231
0.0306117027	0.0099720836	0.00038578179	0.010415444776231306
0.0312296179	0.009469339	0.000382959439	0.010537872220783766
0.0318475331	0.0092793486	0.000376738144	0.010668939651064697
0.0324654483	0.0105944887	0.000372245518	0.010808158381691222
0.0330833634	0.0093981323	0.000368131393	0.010955077495435695
0.0337012786	0.0101768865	0.000367542322	0.011109279754147647
0.0343191938	0.0100320155	0.000373889251	0.011270377794058116
0.034937109	0.0110014803	0.00037598661	0.011438011008803362
0.0355550242	0.0109408056	0.00037381622	0.011611842704828793
0.0361729393	0.0111609091	0.000374627726	0.01179155758755864
0.0367908545	0.0112447124	0.000373974185	0.01197685968691813
0.0374087697	0.01167228	0.000372738796	0.012167470245359075
0.0380266849	0.01128938	0.000371958936	0.012363126117608876
0.0386446001	0.012361831	0.000369783048	0.012563578220020103
0.0392625153	0.0119165092	0.000368799502	0.012768590178062759
0.0398804304	0.0124843342	0.00036760609	0.012977937088312509
0.0404983456	0.0125322496	0.000366464985	0.013191404581607979
0.0411162608	0.0130657588	0.000363231728	0.013408787661798541
0.041734176	0.0132840358	0.000357075275	0.01362988998429685
0.0423520912	0.0131265128	0.000349844271	0.013854523056088378
0.0429700063	0.0136417762	0.000342358339	0.014082505511709935
0.0435879215	0.0137705485	0.000338851009	0.014313662645143692
0.0442058367	0.0142505936	0.000335579255	0.014547825634955335
0.0448237519	0.0143922852	0.000330749341	0.014784831193829688
0.0454416671	0.0147260629	0.000328266731	0.015024521084268907
0.0460595823	0.0146401974	0.000325260661	0.015266741715465411
0.0466774974	0.0153849079	0.000320762225	0.015511343740259123
0.0472954126	0.0152105586	0.000319125675	0.015758181886302933
0.0479133278	0.0163327504	0.000317208306	0.01600711442299544
0.048531243	0.0162903703	0.000313763833	0.01625800305273254
0.0491491582	0.016613318	0.000311902332	0.01651071263068373
0.0497670733	0.0173857237	0.000309178171	0.016765110906001458
0.0503849885	0.0177067693	0.000306449706	0.017021068490338246
0.0510029037	0.0175712469	0.0003053302	0.017278458433361513
0.0516208189	0.0182840204	0.000303744181	0.01753715622694244
0.0522387341	0.0183211046	0.000300915347	0.017797039619430303
0.0528566493	0.0184005203	0.000299715733	0.018057988485058865
0.0534745644	0.0191411493	0.000298393272	0.01831988466368185
0.0547103948	0.0193321153	0.000295478571	0.018846056114862265
0.0559462252	0.0202758963	0.000292578145	0.019374645371012147
0.0571820555	0.0204974562	0.000300827365	0.019904770177682638
0.0584178859	0.0209465967	0.000302915042	0.02043557264195852
0.0596537162	0.0218574469	0.000304903616	0.02096621724216968
0.0608895466	0.0222633387	0.000306833138	0.021495889835746584
0.062125377	0.0229399704	0.000305585765	0.022023796318872718
0.0633612073	0.0235896709	0.000305770712	0.02254916196304745
0.0645970377	0.0235083083	0.000298443807	0.023071230955299792
0.0658328681	0.0238701608	0.000291264145	0.02358926572851905
0.0670686984	0.024824942	0.000286032886	0.024102546819482172
0.0683045288	0.0253194933	0.000282895961	0.024610372840374106
0.0695403592	0.0254104504	0.000280157235	0.02511206017675242
0.0707761895	0.0264152006	0.000277194007	0.025606943143041423
0.0720120199	0.0263289078	0.000273525337	0.02609437419559278
0.0732478502	0.026706866	0.000271816504	0.026573723802765625
0.0744836806	0.0272316424	0.000269685168	0.027044380951793217
0.075719511	0.0279879396	0.000266736234	0.027505753100420704
0.0769553413	0.0280890197	0.000265749905	0.027957266546373115
0.0781911717	0.0283959273	0.00026356904	0.028398366801111515
0.0794270021	0.0289612592	0.000266742647	0.028828518649654487
0.0806628324	0.0292332713	0.000271751518	0.02924720654939594
0.0818986628	0.0295727807	0.000126203021	0.029653935014350347
0.0831344932	0.0299468525	0.000123833858	0.03004822869560243
0.0843703235	0.030330765	0.000122096104	0.030429632764783495
0.0856061539	0.030785941	0.000121174878	0.030797713269759268
0.0868419842	0.0310712485	0.000119680157	0.03115205717641461
0.0880778146	0.031464663	0.000118163737	0.03149227284689708
0.089313645	0.0317781276	0.000117621407	0.031817990059109014
0.0905494753	0.0321163196	0.000117081423	0.032128860301902484
0.0917853057	0.0324489515	0.000116213022	0.032424557028445544
0.0930211361	0.0326469128	0.000115788994	0.032704775666272064
0.0942569664	0.033195414	0.000115136201	0.0329692338359957
0.0954927968	0.0333959262	0.000114095095	0.0332176715230254
0.0967286271	0.0335504805	0.000113883784	0.03344985101880336
0.0979644575	0.0341676677	0.000113054431	0.033665557143214474
0.0992002879	0.0340428636	0.00011154837	0.033864597144748126
0.100436118	0.0340672128	0.000110669672	0.03404680074255461
0.101671949	0.0340499405	0.000110351818	0.03421202033607302
0.102907779	0.0345071189	0.000109823515	0.034360130334159425
0.104143609	0.0346361119	0.000109298256	0.03449102788851409
0.10537944	0.0346573977	0.000108918524	0.03460463234168478
0.10661527	0.0346074894	0.000107969359	0.03470088488222774
0.1078511	0.0344771641	0.000107296861	0.03477974893671334
0.109704846	0.0347018416	7.82198265e-05	0.03486541493897726
0.111558592	0.0347988654	7.76128259e-05	0.03491196869142945
0.113412337	0.0347263493	7.79273066e-05	0.034919557766912246
0.115266083	0.0346675773	7.84819452e-05	0.034888434748743355
0.117119828	0.034651159	7.87599549e-05	0.034818954773078295
0.118973574	0.0346051187	7.89896077e-05	0.03471157263190594
0.120827319	0.0343701637	7.89365883e-05	0.034566840037038575
0.122681065	0.0341734473	7.88770972e-05	0.034385401864853456
0.12453481	0.0339575658	7.87583158e-05	0.03416799324122077
0.126388556	0.0336181052	7.86733181e-05	0.033915434992112165
0.128242301	0.0333067266	7.85803606e-05	0.033628630596900536
0.130096047	0.0330136534	7.85728721e-05	0.0333085609194416
0.131949793	0.0326290087	7.96991735e-05	0.03295628088212645
0.133803538	0.0323332042	8.11847817e-05	0.0325729145532713
0.135657284	0.0318656179	8.16820357e-05	0.03215964977600567
0.137511029	0.0315112662	8.17991473e-05	0.031717734855823305
0.139364775	0.0310053045	8.08793344e-05	0.03124847187116706
0.14121852	0.0305338214	7.95175581e-05	0.030753213578091947
0.143072266	0.0300798765	7.88196891e-05	0.030233356318176065
0.144926011	0.0293488951	7.80848595e-05	0.02969033702979161
0.146779757	0.0287517976	7.77192755e-05	0.029125625852388693
0.148633502	0.0281770332	7.78727212e-05	0.028540723295864684
0.150487248	0.0276773494	7.78389849e-05	0.027937152640900558
0.152340993	0.0270944042	7.76954462e-05	0.027316457315187014
0.154194739	0.0265959274	7.86324416e-05	0.026680193188514244
0.156048485	0.0257683903	8.02413918e-05	0.02602992584674446
0.15790223	0.0251903415	8.1307849e-05	0.025367224649259987
0.159755976	0.0245479927	8.21332107e-05	0.024693656741256967
0.161609721	0.0239102553	8.20712004e-05	0.024010784795869333
0.164081382	0.0229112405	6.60879549e-05	0.023088494295059558
0.166553043	0.0220665817	6.4819048e-05	0.022156052521893243
0.169024703	0.0212496744	6.41053747e-05	0.02121702758230084
0.171496364	0.0203109877	6.34600154e-05	0.02027490318966903
0.173968025	0.0194560952	6.28636792e-05	0.019333064609503323
0.176439686	0.0184465065	6.22633301e-05	0.018394781897833088
0.178911346	0.0174690403	6.17570906e-05	0.017463196573007846
0.181383007	0.0165228036	6.14344335e-05	0.016541307246202067
0.183854668	0.0156468164	6.10585772e-05	0.01563196028512544
0.186326328	0.0147650188	6.05610004e-05	0.01473783836298749
0.188797989	0.0139778281	6.01823309e-05	0.013861450427550426
0.19126965	0.0132413407	5.9807503e-05	0.013005126251002804
0.193741311	0.0123800546	5.9396093e-05	0.01217100870712937
0.196212971	0.011592708	5.90523339e-05	0.011361049541971978
0.198684632	0.0107008977	5.86947664e-05	0.010577004495879642
0.201156293	0.0099576253	5.82128021e-05	0.009820433013506893
0.203627954	0.00923776034	5.78412505e-05	0.00909269595571638
0.206099614	0.00853510029	5.75067854e-05	0.008394956495253196
0.208571275	0.00784924417	5.70976272e-05	0.007728180495402204
0.211042936	0.00719754697	5.68298009e-05	0.007093140857198569
0.213514596	0.00653650421	5.64005586e-05	0.00649042036668309
0.216604172	0.00584966534	4.8498493e-05	0.005783055997320453
0.219693748	0.00523086668	4.8121803e-05	0.005127180765595591
0.222783324	0.00453437726	4.77751297e-05	0.00452276042461593
0.2258729	0.00396683513	4.74583629e-05	0.003969366821069127
0.228962476	0.00346930499	4.72110567e-05	0.003466204143853878
0.232052052	0.00300689311	4.70104201e-05	0.003012137415033101
0.235141628	0.00259694206	4.6725865e-05	0.0026057228155583556
0.238231204	0.00212776683	4.64941215e-05	0.0022452394361411497
0.24132078	0.00181342413	4.62932658e-05	0.0019287220464395257
0.244410356	0.00160836502	4.60676594e-05	0.001653994483159114
0.247499931	0.00138047414	4.5901204e-05	0.0014187033394980112
0.250589507	0.00115954204	4.60830008e-05	0.0012203511523685281
0.253679083	0.0010647466	4.73452991e-05	0.0010563298442692484
0.256768659	0.000858677822	4.89319576e-05	0.0009239525706869047
0.259858235	0.000629968422	4.89569311e-05	0.000820484840234198
0.262947811	0.000626041311	4.78008859e-05	0.0007431741504175212
0.266037387	0.000701512033	4.70203634e-05	0.0006892779756482446
0.269126963	0.000676548178	4.66421218e-05	0.0006560898932320665
0.272834454	0.000589339064	4.15881092e-05	0.0006398785235901226
0.276541945	0.000652289827	4.14120744e-05	0.0006452676445583361
0.280249436	0.000714702245	4.12025087e-05	0.0006680622976127578
0.283956927	0.000760020155	4.10527766e-05	0.0007043264483076123
0.287664418	0.000769227655	4.09419546e-05	0.0007504166406427051
0.291371909	0.000779845727	4.07592229e-05	0.0008030083323133958
0.2950794	0.000822227327	4.04744005e-05	0.0008591150227570085
0.298786892	0.000980101273	4.02126686e-05	0.0009161004157487822
0.302494383	0.00103123225	4.00648439e-05	0.0009716838540170956
0.306201874	0.00103624868	4.0602923e-05	0.0010239396784200642
0.309909365	0.00110440065	4.10141342e-05	0.0010712906996777256
0.313616856	0.00114818694	4.06729756e-05	0.001112496576770754
0.317324347	0.00121475163	4.05190468e-05	0.0011466376200186604
0.321031838	0.00119842765	4.04499795e-05	0.001173094679893906
0.325357244	0.00123308622	3.68348872e-05	0.001193807546431277
0.329682651	0.00126297982	3.69718863e-05	0.0012034917199550174
0.334008057	0.00121077255	3.71830425e-05	0.0012024373314076168
0.338333463	0.00120706791	3.71668758e-05	0.0011912761946830256
0.342658869	0.00126976917	3.70505081e-05	0.0011709174604179382
0.346984276	0.00123469144	3.71595375e-05	0.0011424838527528116
0.351309682	0.00117870949	3.85822145e-05	0.0011072500149019663
0.355635088	0.00113350425	4.02117178e-05	0.0010665841734599367
0.359960495	0.00108006708	3.98243293e-05	0.0010218943459847137
0.364285901	0.00105341579	3.88085114e-05	0.0009745799453476054
0.368611307	0.000924631215	3.84580548e-05	0.0009259893231335903
0.372936713	0.000850304846	3.81022695e-05	0.000877383900140763
0.37726212	0.000873088046	3.7743725e-05	0.0008299089548613201
0.382205441	0.000783843433	3.47786055e-05	0.0007783206026954226
0.387148763	0.000724070407	3.47340775e-05	0.0007307732183777404
0.392092084	0.00072466452	3.4650852e-05	0.0006882409548352782
0.397035405	0.00068674382	3.45845083e-05	0.0006514125826182841
0.401978727	0.0006413674	3.45141113e-05	0.0006206981877763109
0.406922048	0.000571906133	3.44447665e-05	0.0005962456452350721
0.41186537	0.000526774813	3.44128879e-05	0.0005779650099024164
0.416808691	0.000518866867	3.4396361e-05	0.0005655590683093377
0.421752013	0.000491571833	3.43986321e-05	0.0005585580173649121
0.426695334	0.00053115002	3.43708351e-05	0.000556356579840541
0.431638656	0.000494610473	3.43448356e-05	0.000558251793578361
0.437199892	0.0004762693	3.21510494e-05	0.000564328639275036
0.442761129	0.000576755518	3.21981507e-05	0.0005734998907159996
0.448322365	0.000631184647	3.33004789e-05	0.0005846575574245153
0.453883602	0.000612831353	3.41627616e-05	0.000596757445255479
0.459444839	0.000607991812	3.36207479e-05	0.0006088583129609396
0.465006075	0.000592666206	3.3264562e-05	0.0006201510723021402
0.470567312	0.000622937094	3.32686418e-05	0.0006299779710139122
0.476128549	0.000629079953	3.3289894e-05	0.0006378421789507811
0.481689785	0.000587716306	3.33613733e-05	0.0006434086511195762
0.487868937	0.000618846274	3.16301256e-05	0.0006466847041641357
0.494048089	0.000656815037	3.18656363e-05	0.000646862584608781
0.500227241	0.000654590179	3.21824593e-05	0.0006440854253065694
0.506406393	0.000650301521	3.2779583e-05	0.0006386458686195673
0.512585544	0.000647298279	3.36151297e-05	0.0006309468661037108
0.518764696	0.000618322721	3.43313072e-05	0.000621462269486026
0.524943848	0.000620743289	3.49146307e-05	0.0006106995411502867
0.531123	0.000645960432	3.557158e-05	0.0005991663899955375
0.537302152	0.000581210374	3.62925479e-05	0.0005873426674905761
0.544099219	0.000501847271	3.52074962e-05	0.0005745122071134092
0.550896286	0.000511593871	3.6049115e-05	0.0005623288809369981
0.557693353	0.000547954133	3.69047993e-05	0.0005511621874748729
0.56449042	0.000548125462	3.80073655e-05	0.0005412666674038828
0.571287487	0.000493956233	3.94404515e-05	0.0005327859873716886
0.578084554	0.000557853362	4.09982059e-05	0.0005257638247353382
0.584881621	0.000587201957	4.28276517e-05	0.0005201595465974659
0.591678688	0.000500670295	4.48514718e-05	0.000515866691488998
0.59909367	0.000518585865	4.57804356e-05	0.0005124988340978697
