	Norm	nv	Rv	Z	d_Chol	s_Chol	d_PCN	s_PCN	d_CG	s_CG	dD_C	r_D_C	s_CH2	d_CH	s_CH	s_CH3	r_PCN	r_CG	r12	r32	T	V_H	V_BW	Con	X2
0	1e-07	0.8711012838262544	459.97736623436737	10.322129593217044	2.729684786566307	2.928777640455474	4.139992819627908	2.5276050532136365	0.8118216511325276	2.380671235998597	28.897904466684988	0.07888485920511747	2.5164021829035783	9.0	3.05	3.3135798629066553	0.2822412891075003	0.43703052883467064	0.81	2.1549169832032975	50.0	328.6445757939316	30.43890677832236	0.000537011014690046	4.251727837142935
1	1e-07	1.3303391589737366	377.38085001362765	6.751810661496572	2.7268490891634305	3.0288813724699133	3.719132860179357	2.498792793147652	0.877929627709887	2.4554388374613327	28.777439796964625	0.08104784014573965	2.4729621764719663	9.0	3.05	3.8164094091608765	0.2833556471281411	0.4487671451672502	0.81	2.0368696970830005	50.0	330.1345706735875	30.35126240515717	0.00041114319904670446	4.365167057694622
2	1e-07	0.8082035937475304	424.018463252457	8.703809213304671	2.643753889335748	2.9034285249522465	3.6415645655246967	2.4794055091665324	0.7890687759127577	2.3762555355242907	29.290594756934848	0.07891451966040905	2.557224464319121	9.0	3.05	3.228593038225496	0.2658724872402577	0.4439800350449629	0.81	2.1555978847814408	50.0	298.8028586209812	30.363508835981364	0.00047008601760237115	3.489836192903961
3	1e-07	1.1050207939975036	398.2714521848601	6.37423910315731	2.69630467155137	2.84625394715784	3.617853680597068	2.4497558898017897	0.7336455636667027	2.3256130389589535	28.948224648579625	0.07700148604171506	2.470234123280451	9.0	3.05	3.2451014266274543	0.2944337823517408	0.4568608627799159	0.81	2.011414797746021	50.0	322.43525641251813	30.46326042848373	0.00043688301329002137	3.488193530749527
4	1e-07	1.0701392671872374	399.7263045276191	5.798909030724575	2.8130190643027118	2.8801085508040094	3.8889978009495025	2.5629603076935683	0.8782863150552971	2.521894158488686	28.361318126294954	0.07941511711386001	2.521465842863772	9.0	3.05	3.602511598789381	0.27277683833039434	0.4638469833980631	0.81	2.164160081837929	50.0	321.0675895710841	30.31284165114282	0.0005135036363870474	3.2911296043651546
5	1e-07	0.943346805606134	439.4690066677003	7.965212410523281	2.885802516526079	3.0939905534465577	3.658166278420639	2.5648010770147867	0.9245985205259831	2.529026593715318	28.59978178800862	0.08150720687072079	2.4967437607713383	9.0	3.05	3.394497035468993	0.3060136956970764	0.4509546921990663	0.81	2.1100904868916293	50.0	326.4281496863676	30.35422288108528	0.00054458733073685	3.549823637541935
6	1e-07	0.9904592682083565	447.08709514291894	9.89926385355809	2.573499196357723	3.081525646224156	4.260436277099117	2.5082488591782828	0.868896526884403	2.4899868054539738	27.84703466138147	0.08480155835274374	2.574482360950637	9.0	3.05	3.3652017078030703	0.2835890395689765	0.4610829430068483	0.81	2.0789060514636604	50.0	329.78117104698333	30.27504315714024	0.0005015046998938922	4.3153775908690575
7	1e-07	0.5741915807066148	546.4902912160338	11.007307590267594	2.7299053401748057	2.8286331494833665	3.7700826292767906	2.498443233007751	0.7052981824039677	2.3703253952435874	28.97716888795059	0.07745055204370047	2.5735983870616934	9.0	3.05	3.521039424325016	0.2857589736967356	0.4493203459911306	0.81	2.0822097562327793	50.0	313.8830680261893	30.39820580152507	0.00047345740367091266	3.229716779667305
8	1e-07	0.7065697786753683	531.9243224739031	12.64002528000289	2.741307341439229	3.1342079343700924	3.5198968544290192	2.5443725195251847	0.9271498096791325	2.4618070158854644	28.896713326287433	0.07662000107357497	2.5094929521309313	9.0	3.05	3.3683478042115067	0.3019554115128562	0.44278194872162246	0.81	1.9603053835880606	50.0	329.8795911993639	30.434196647010666	0.0004456779866956967	3.881060200510792
9	1e-07	1.2108136967333403	405.64194964222423	6.229067212260449	2.688332099914288	2.9759923082733337	4.130485909728492	2.4058578395460324	0.9067255391059474	2.424958360551884	27.335456498740637	0.08248541912590732	2.497949918068238	9.0	3.05	3.9080695576146924	0.3027823431600018	0.47562882061060446	0.81	2.1022803849324108	50.0	331.54516487712215	30.33500166716521	0.0005193176873599454	3.0223452635805916
10	1e-07	0.9158713082930113	445.72072094530597	9.902305717157128	2.5696796049864736	3.110925149237199	4.36270892026738	2.5197610379757354	0.8278197408067106	2.476239529888856	28.284892947633967	0.08149384059487598	2.443112352952993	9.0	3.05	3.020815027437803	0.2888759227305162	0.4358575009699878	0.81	2.0591681299511624	50.0	321.1035677180955	30.34085362190422	0.0005379232783812268	4.152233063213296
11	1e-07	1.0957318856993807	408.62719560362393	6.371315183432525	2.5671331559106827	2.9794478596548664	4.607404952119268	2.4400874622547186	0.8685166169981429	2.4716014317031547	27.31141343173951	0.07468103642369527	2.552454435823106	9.0	3.05	3.5306023043325947	0.2887111585604958	0.45669071303743847	0.81	2.0781159382076897	50.0	318.34041935295244	30.44469284657064	0.000568884133541025	4.0469257549747155
12	1e-07	0.7139355869750184	492.350190928805	12.334317787285526	2.7960868410656134	3.0214282270364654	3.7087378423341937	2.450001427864682	0.884364201914737	2.463326470838288	28.55409874408461	0.08055449302077977	2.499513640254734	9.0	3.05	3.39268517872007	0.28466034849649763	0.45772842701426103	0.81	2.0910933919629793	50.0	313.61286429141524	30.35249795553488	0.00046873125584347527	3.728057528714049
13	1e-07	0.6835512738238725	506.87178236092376	8.235303877216454	2.8883147968885363	3.1784178504109777	4.00629063121645	2.523182040275642	0.7712856491893954	2.4154017050741454	28.55893510095092	0.07773313516597324	2.5656731019414387	9.0	3.05	3.1431701841971735	0.28324036439756506	0.45491769825411305	0.81	2.0829601609731223	50.0	320.0658690795059	30.395291208275726	0.0005318777723127443	3.4681719367402852
14	1e-07	0.8153854702143956	470.07326164957306	12.078367183333254	2.6824738556861143	2.948341536785378	3.48237337696301	2.5380057964649985	0.8955523431292212	2.4447243859436805	29.01363090887378	0.08087210302939143	2.6523409521834003	9.0	3.05	3.241723629070867	0.29403890193142296	0.457404359471529	0.81	2.157763961914427	50.0	325.5495416659722	30.365206281295034	0.0004978575586359603	4.1345234803835735
15	1e-07	0.7240794984526742	481.3033296350026	14.579749103273517	2.6685633248439347	2.972688033718477	3.782955343493278	2.552742752176792	0.8665451012467973	2.4833463079475537	28.013100414375177	0.07975400118990712	2.4802795878698856	9.0	3.05	3.7750347993930893	0.28653640244480405	0.4768378394276252	0.81	2.1790125571066485	50.0	304.19518475847525	30.302761989435503	0.0005260196894982997	4.020832705407088
16	1e-07	0.9077862723427201	443.57129662009737	11.485251595718548	2.6690591782321946	2.920989288981933	3.822123827998185	2.445691926391499	0.7790689852715009	2.360829834693661	28.733949195864415	0.07877908285548524	2.587965692939125	9.0	3.05	3.137073286495676	0.2858212120741847	0.45731431898069724	0.81	2.08371699703064	50.0	320.50063676922184	30.394168990308213	0.0005145537868968516	4.088951404343937
17	1e-07	1.2795097916272726	373.96811929914554	7.421555263543342	2.702292141094437	2.9081731453544015	3.936204602721926	2.497957295670076	0.8468737405866655	2.4323613994908726	28.026307577433105	0.08135682685508236	2.4471526334477804	9.0	3.05	3.5719224857454055	0.2982474885908069	0.4625475871652698	0.81	2.0731321024963485	50.0	318.5417421199782	30.361223222743785	0.00047320353332519965	3.5326294698446974
18	1e-07	1.119568278712973	393.63396047998924	8.407842134234077	2.6867560181510104	2.8685626982365666	3.8933528455174575	2.4377206364342907	0.8281706566224568	2.411536896761329	28.33195527781613	0.08178598192616894	2.519768783512626	9.0	3.05	3.7375494187164815	0.2949363991905464	0.45572349299303383	0.81	2.1262193452507208	50.0	315.9770734516946	30.32930571452244	0.0004704304423410229	3.4647298954782046
19	1e-07	0.9217550338766526	452.63762691525164	5.661879143239609	2.6705914823242742	3.050465670070273	4.46030047782192	2.5780789213302158	0.7470898211796344	2.5103384328231035	27.48595222055226	0.07822868982353268	2.629891577221095	9.0	3.05	3.401968476988237	0.27956822589966634	0.46133297841761245	0.81	1.978624910104327	50.0	321.12274106243467	30.351675231167786	0.0004688703292344041	3.84337989523128
20	1e-07	0.9715207509931917	436.73356598403876	7.787751931539302	2.5316927743252897	2.9406791346435197	4.534180121246829	2.4780409837309114	0.9394002395911375	2.4799151533334847	27.443223163247268	0.0776569485444862	2.544152401455729	9.0	3.05	3.459883444688538	0.29395561484835314	0.4440434492228824	0.81	2.0515822563174027	50.0	317.28862555132565	30.43226461512159	0.0005260018822919519	3.5692014881584977
21	1e-07	0.8389807410298651	468.12534336135144	8.274776430548135	2.719870527481634	3.052466937797317	4.509291042740245	2.5040690633574245	0.8301684539416694	2.4257486611429693	27.539020356677014	0.08319014603949963	2.457673679891264	9.0	3.05	3.236244852623547	0.2906514433420715	0.45304220622079533	0.81	2.082738007109151	50.0	319.7920375598979	30.25275347588629	0.0004843982124383912	5.111427675350389
22	1e-07	0.9469422344740267	447.02537405002045	10.518094181047388	2.719216041368802	2.9355125703474743	3.8598023218924595	2.4397718352833913	0.9718311661520558	2.6395980092788767	28.44357325485073	0.08069160246602426	2.6457378781513694	9.0	3.05	3.6992279884712795	0.30323247068307635	0.4392058763427752	0.81	2.1008604379180604	50.0	324.8532090248707	30.40370424141303	0.0005272558775589744	3.74159264610223
23	1e-07	0.721683801717882	510.11192774630325	10.794327354299183	2.7659857731208413	3.0223954623961005	4.334155040314805	2.5054878140796064	0.7934960625897279	2.424277194167955	28.132613695910113	0.07815129247397076	2.414886559020921	9.0	3.05	3.45920310447061	0.29543916283022753	0.43889128953198525	0.81	2.046984085546567	50.0	320.09242340928876	30.42590158097986	0.000517033024490363	3.389965484116991
24	1e-07	1.1063966100996847	431.54032798099456	10.974371000260604	2.641066552073858	2.982798723279876	4.4453853298974435	2.5522456805098295	0.7317126730043365	2.434189230171478	27.811402331547242	0.08254476451154277	2.5720318206824837	9.0	3.05	3.532071738396502	0.2765272076435583	0.458113619689618	0.81	1.9961519156974965	50.0	329.657358517309	30.26236232896785	0.0005624435113790666	4.068902748873658
25	1e-07	1.0022373867909955	410.15247907381314	7.3966968881469946	2.9019153909100344	2.970470801283735	3.8596037504683616	2.3805428233040793	0.7671189745153145	2.440537190381062	28.383085549037165	0.07737236481923276	2.5011013070401966	9.0	3.05	3.994892983105161	0.29367376111524407	0.45811510131068445	0.81	2.112621952947209	50.0	311.283523548413	30.43295896093144	0.0004781983524274783	3.6437176881303035
26	1e-07	0.5923862733518408	553.0692376867758	5.497625704935437	2.6009407120907815	2.8803400389329767	4.410123371991447	2.553401219412834	0.8497852035736271	2.5529690242698697	27.458874071475183	0.07868521882138556	2.556229558688145	9.0	3.05	3.3092784200873333	0.3054634451447799	0.453037577782786	0.81	2.054090667877315	50.0	319.55892109339527	30.38575367571808	0.0005880052383950765	3.6712439102465777
27	1e-07	1.0883793148886174	417.18288683152167	9.926900924102586	2.857010247416911	2.9476840729771436	4.268985575099396	2.4667260272991554	0.8089492567644935	2.3308492210795997	28.47054934133045	0.0808192775358671	2.595346592289561	9.0	3.05	3.4051625762883275	0.297593508410336	0.43420586440351094	0.81	2.060394235537801	50.0	326.2850295595264	30.37777187008247	0.0005429982516680782	3.8602971312316487
28	1e-07	0.6248179752594499	537.867071347015	8.378873144291635	2.5876777296070173	3.035307019884156	4.385110136831375	2.428083113249293	0.8738278790252084	2.5316384026819128	27.932585144224518	0.08075422178938135	2.483330168100712	9.0	3.05	3.3643592803244036	0.2790252885894031	0.4471155371533465	0.81	2.054828324179557	50.0	318.92243311723206	30.323133564379376	0.0005145435448343414	3.529241189355096
29	1e-07	0.9421143763086042	429.0409806828509	7.0018753753471685	2.7590018757696257	2.943980861929186	4.193257101273458	2.530178612508422	0.7638084940377623	2.5174617647101227	28.489660916621176	0.07924327531891913	2.6003784967375174	9.0	3.05	3.3264491698932286	0.27837076284790335	0.4391590115780648	0.81	2.047639795453311	50.0	316.26472951090255	30.378043723947766	0.0004292327588354515	4.322698507581102
30	1e-07	0.9193792660147885	465.5338848083846	8.950555382407098	2.5593001796004846	2.9922482588775057	4.553098523267225	2.520970163725549	0.9196804314737987	2.5209466565245	27.208793437834625	0.08000926389820291	2.484106145383014	9.0	3.05	3.658957768356809	0.28957235597177233	0.4531670561346589	0.81	2.012102160641139	50.0	322.17585283775435	30.36776297357836	0.0005223194430340505	3.3833811196925527
31	1e-07	0.6877185616019379	523.4125891186076	10.364853514276431	2.82739512820636	3.0567237693398517	3.6589966698909677	2.505364379727958	1.029087805157936	2.28623912622028	27.867031566745272	0.08119812293546551	2.506640016665734	9.0	3.05	3.164506355334303	0.30628921630476225	0.4749078982534007	0.81	2.036470056653085	50.0	323.09020010114256	30.355831572282764	0.0005317268321911255	3.275952113321318
32	1e-07	0.800304976062275	452.1620276742892	5.53898371324023	2.375959093180174	2.835048057554439	4.251785516951437	2.3874426211486037	0.7988177983790739	2.38095355056777	27.75804460472596	0.07931994917893298	2.582567936497579	9.0	3.05	3.225383785807722	0.2865876001008427	0.4692485915745054	0.81	2.0796062696864213	50.0	310.5783802630121	30.360335931614433	0.0005211040931541	3.1615536337349903
33	1e-07	0.6578831409876836	506.6814461547316	13.086535717818943	2.8279981762089514	3.0586839432191124	3.9377191324155065	2.51452381595599	0.9543844245696772	2.5006319457104182	28.301322634187937	0.07740775320842654	2.466587288895948	9.0	3.05	3.2725180037098855	0.2888021959576783	0.4452972542351289	0.81	2.0920185592740865	50.0	307.2408968114083	30.41692590845752	0.0005235414068526248	3.7531945777515627
34	1e-07	0.7175626008023911	496.2409239077214	5.557626750485918	2.598952700074363	3.077227134535615	4.38820673385725	2.5309635149760403	0.9053372816775384	2.43905945241896	27.646293887060228	0.0776120025698941	2.4607998923508676	9.0	3.05	3.5690451979301736	0.29882298512232114	0.44357355883541993	0.81	2.077113479315018	50.0	317.3833574847339	30.408146399163925	0.0005840257325403753	3.47391039695149
35	1e-07	1.3211029789385973	382.80721956415573	6.758505571601988	2.704677742538471	2.885708930524527	4.101453535637946	2.558400801654565	1.0421482760739444	2.5189836608958576	27.427328315055775	0.07950444108749617	2.4345072266874817	9.0	3.05	3.4621006158064644	0.290867509275469	0.46779649831281866	0.81	2.059487619219436	50.0	327.4526296409377	30.370453048142465	0.0005220730473007193	3.5050447261192685
36	1e-07	0.8973750183348496	429.56349392079306	9.061033350797894	2.6297951446015	2.9297173321649184	4.215878717428658	2.5358718765536303	0.9030710976288803	2.4879480775936718	27.989389265943757	0.08135394515389487	2.4527581396495792	9.0	3.05	3.4207902858607007	0.29547679862605997	0.44089066333515586	0.81	2.119825109361989	50.0	306.06263269968395	30.35049701479154	0.0005287795984569185	3.534606711739198
37	1e-07	0.8006850575641072	463.18506985715186	7.97918383868171	2.7827402365001013	2.914326833646601	3.9699508533986423	2.493566345666975	0.8342298654306255	2.4420396093458137	28.12432946698629	0.07910678783057584	2.4781035455533913	9.0	3.05	4.015846338996331	0.2965610285202414	0.4530504217541777	0.81	2.1122779364877657	50.0	310.7186503155901	30.379497226411562	0.00048761594418327166	3.110004919068861
38	1e-07	0.7214252357730088	534.5919129650571	11.905286382067212	2.7514694276854477	3.0156300541821035	3.9996108618600927	2.493822224059288	0.8899914473818039	2.4801005420651245	28.159490490193388	0.07689633032808321	2.510342663532035	9.0	3.05	2.981278460556923	0.3021191878850874	0.4533410967078675	0.81	1.964603038198597	50.0	332.1790340522114	30.426822712913967	0.000535069622961303	3.673541098942372
39	1e-07	1.1775574609536767	400.8059466722625	9.439716282091696	2.7177908839492217	3.005671899264333	3.954977034100046	2.4935723056855017	0.8254714920643758	2.490303909408156	28.421980481606806	0.0781763023009099	2.5342529488675187	9.0	3.05	3.2605460660076444	0.2934711893151778	0.4512660089207556	0.81	2.0326922489686856	50.0	325.37443077525194	30.39933488482602	0.0004960628992736556	3.8300743859294464
40	1e-07	1.1210284358118237	425.4232848990992	11.55872854784952	2.6714357051312594	3.0691131784599155	4.780126704654482	2.4234670746388485	0.7710504339574558	2.4789493294811074	27.304996492223374	0.08215721804612695	2.527445610286472	9.0	3.05	3.601965048777857	0.27938082657241325	0.4585445946604054	0.81	2.128804666054046	50.0	327.4179845597197	30.318402881280342	0.0005531556025287909	4.41991455678951
41	1e-07	1.0427412574619122	399.5977911606067	7.76004583861254	2.749786177781806	3.0751579406763225	3.967000808070848	2.5681798741703825	0.8629645860732917	2.4483842544754313	28.714972169920422	0.07665175890316486	2.5844461280243154	9.0	3.05	3.556387723254603	0.2896540732170977	0.43267937491576025	0.81	2.1371743270962034	50.0	312.5373362483953	30.464537814103497	0.0004688277399850151	3.8022387672355102
