5.28205225e-03	3.83860340e-01	3.91921546e-03
5.90202479e-03	3.41486350e-01	2.27617529e-03
6.52199734e-03	3.52077800e-01	1.80043834e-03
7.14196989e-03	3.60346803e-01	1.49393774e-03
7.76194243e-03	3.38366284e-01	1.22682682e-03
8.38191498e-03	2.83787905e-01	1.05024989e-03
9.00188753e-03	2.21683124e-01	8.97547952e-04
9.62186007e-03	1.69791425e-01	7.77266842e-04
1.02418326e-02	1.34246769e-01	6.85188697e-04
1.08618052e-02	1.14299907e-01	6.13489903e-04
1.14817777e-02	1.04167328e-01	5.53137834e-04
1.21017503e-02	9.39352680e-02	5.08019281e-04
1.27217228e-02	8.25567480e-02	4.81387136e-04
1.33416954e-02	7.19094790e-02	4.29974033e-04
1.39616679e-02	6.08117960e-02	4.02573306e-04
1.45816404e-02	5.22649180e-02	3.71014651e-04
1.52016130e-02	4.54279720e-02	3.44808471e-04
1.58215855e-02	4.05235120e-02	3.28466021e-04
1.64415581e-02	3.63527270e-02	3.09611646e-04
1.70615306e-02	3.23878470e-02	2.89620927e-04
1.76815032e-02	2.88983406e-02	2.80487854e-04
1.83014757e-02	2.50799530e-02	2.66190728e-04
1.89214483e-02	2.20239293e-02	2.49981880e-04
1.95414208e-02	1.94009299e-02	2.42560250e-04
2.01613934e-02	1.66640043e-02	2.33601836e-04
2.07813659e-02	1.44719115e-02	2.23299064e-04
2.14013385e-02	1.33247337e-02	2.16719640e-04
2.20213110e-02	1.12254752e-02	2.08536093e-04
2.26412835e-02	9.32633340e-03	2.02077125e-04
2.32612561e-02	8.20706510e-03	1.98037354e-04
2.38812286e-02	7.05166070e-03	1.91087345e-04
2.45012012e-02	6.21089280e-03	1.85747228e-04
2.51211737e-02	4.95920150e-03	1.81727299e-04
2.57411463e-02	4.72275100e-03	1.76866085e-04
2.63611188e-02	3.88424720e-03	1.73329278e-04
2.69810914e-02	2.97245220e-03	1.70564001e-04
2.76010639e-02	2.23075130e-03	1.66144832e-04
2.82210365e-02	1.88799860e-03	1.61574731e-04
2.88410090e-02	1.78307030e-03	1.61500554e-04
2.94609816e-02	1.30204710e-03	1.58049542e-04
3.00809541e-02	1.06030390e-03	1.54388736e-04
3.07009267e-02	1.17672390e-03	1.53522021e-04
3.13208992e-02	1.02258840e-03	1.50121644e-04
3.19408717e-02	8.73318800e-04	1.47241310e-04
3.25608443e-02	9.47904300e-04	1.47528554e-04
3.31808168e-02	8.96927100e-04	1.44371357e-04
3.38007894e-02	1.08341510e-03	1.43623882e-04
3.44207619e-02	1.17238930e-03	1.42627865e-04
3.50407345e-02	1.40846880e-03	1.42894633e-04
3.56607070e-02	1.45075160e-03	1.44526308e-04
3.62806796e-02	2.12307370e-03	1.45646740e-04
3.69006521e-02	1.92880010e-03	1.44710637e-04
3.75206247e-02	2.65478400e-03	1.44961443e-04
3.81405972e-02	2.75599260e-03	1.45365285e-04
3.87605698e-02	2.93554830e-03	1.44457111e-04
3.93805423e-02	3.47746950e-03	1.45226521e-04
4.00005149e-02	3.99011850e-03	1.45259887e-04
4.06204874e-02	4.35392110e-03	1.43618654e-04
4.12404599e-02	4.58726710e-03	1.44715083e-04
4.18604325e-02	5.03142660e-03	1.44179745e-04
4.24804050e-02	5.67516640e-03	1.43204104e-04
4.31003776e-02	6.06544650e-03	1.38284282e-04
4.37203501e-02	6.44533020e-03	1.37636335e-04
4.43403227e-02	7.29630510e-03	1.35642985e-04
4.49602952e-02	7.61895290e-03	1.34311739e-04
4.55802678e-02	8.29604420e-03	1.34419408e-04
4.62002403e-02	8.55988050e-03	1.31197785e-04
4.68202129e-02	9.34935510e-03	1.30698049e-04
4.74401854e-02	1.01152432e-02	1.30844150e-04
4.80601580e-02	1.05658984e-02	1.28639505e-04
4.86801305e-02	1.14609916e-02	1.28648028e-04
4.93001030e-02	1.18303109e-02	1.27995176e-04
4.99200756e-02	1.27019814e-02	1.26394535e-04
5.05400481e-02	1.34041068e-02	1.26257011e-04
5.11600207e-02	1.39014271e-02	1.26549057e-04
5.17799932e-02	1.45062043e-02	1.25004389e-04
5.23999658e-02	1.52677349e-02	1.24659418e-04
5.30199383e-02	1.57292912e-02	1.24720164e-04
5.36399109e-02	1.67169675e-02	1.23419830e-04
5.42598834e-02	1.72730460e-02	1.23228961e-04
5.48798560e-02	1.78528521e-02	1.23519556e-04
5.54998285e-02	1.86301349e-02	1.22229624e-04
5.61198011e-02	1.93307351e-02	1.23840410e-04
5.67397736e-02	2.02467038e-02	1.25961903e-04
5.73597462e-02	2.08740391e-02	1.27308563e-04
5.79797187e-02	2.15551262e-02	1.27863074e-04
5.85996912e-02	2.22847309e-02	1.28475351e-04
5.92196638e-02	2.30663208e-02	1.29033051e-04
5.98396363e-02	2.37670915e-02	1.29249951e-04
6.04596089e-02	2.45746537e-02	1.30972595e-04
6.10795814e-02	2.53271179e-02	1.30952832e-04
6.16995540e-02	2.63216159e-02	1.32369253e-04
6.23195265e-02	2.69316358e-02	1.31636215e-04
6.29394991e-02	2.77063444e-02	1.31429271e-04
6.35594716e-02	2.83990441e-02	1.32605151e-04
6.41794442e-02	2.93538509e-02	1.31399767e-04
6.47994167e-02	2.99503981e-02	1.28231474e-04
6.54193893e-02	3.07990869e-02	1.27139829e-04
6.60393618e-02	3.17559997e-02	1.26910603e-04
6.66593343e-02	3.23858333e-02	1.26627984e-04
6.72793069e-02	3.32098338e-02	1.26138367e-04
6.78992794e-02	3.38994282e-02	1.25640193e-04
6.85192520e-02	3.47419412e-02	1.24559215e-04
6.91392245e-02	3.52731180e-02	1.23750612e-04
6.97591971e-02	3.60384552e-02	1.24723662e-04
7.03791696e-02	3.67769488e-02	1.23163949e-04
7.09991422e-02	3.75899886e-02	1.23145204e-04
7.16191147e-02	3.85813923e-02	1.23449042e-04
7.22390873e-02	3.92550172e-02	1.22819053e-04
7.28590598e-02	3.99594978e-02	1.22533224e-04
7.34790324e-02	4.08114660e-02	1.22551694e-04
7.40990049e-02	4.14094574e-02	1.21470092e-04
7.47189775e-02	4.22891718e-02	1.21349354e-04
7.53389500e-02	4.29748362e-02	1.22146654e-04
7.59589225e-02	4.39372661e-02	1.20934166e-04
7.65788951e-02	4.46972714e-02	1.21145346e-04
7.71988676e-02	4.51694165e-02	1.21132146e-04
7.78188402e-02	4.61877158e-02	1.20905022e-04
7.84388127e-02	4.67161074e-02	1.20794085e-04
7.90587853e-02	4.76481050e-02	1.20609503e-04
7.96787578e-02	4.82473563e-02	1.22410289e-04
8.02987304e-02	4.91821958e-02	1.23281212e-04
8.09187029e-02	4.95421434e-02	1.24793273e-04
8.15386755e-02	5.03296782e-02	1.24983026e-04
8.21586480e-02	5.11489945e-02	1.24931077e-04
8.27786206e-02	5.16347047e-02	1.24023739e-04
8.33985931e-02	5.24624620e-02	1.22444749e-04
8.40185656e-02	5.34846950e-02	1.21917667e-04
8.46385382e-02	5.40321399e-02	1.21850636e-04
8.52585107e-02	5.48044089e-02	1.20453893e-04
8.58784833e-02	5.56602451e-02	1.20644690e-04
8.64984558e-02	5.61066871e-02	1.20557770e-04
8.71184284e-02	5.69146585e-02	1.19499924e-04
8.77384009e-02	5.76527676e-02	1.19227975e-04
8.83583735e-02	5.80650431e-02	1.19629284e-04
8.89783460e-02	5.90178417e-02	1.18566024e-04
8.95983186e-02	5.93578472e-02	1.17640006e-04
9.02182911e-02	6.00489438e-02	1.18303604e-04
9.08382637e-02	6.10126133e-02	1.17562546e-04
9.14582362e-02	6.13923416e-02	1.17602621e-04
9.20782088e-02	6.21412155e-02	1.18717561e-04
9.26981813e-02	6.29317707e-02	1.17470171e-04
9.33181538e-02	6.32784398e-02	1.17227794e-04
9.39381264e-02	6.41084423e-02	1.17933268e-04
9.45580989e-02	6.46960487e-02	1.17304962e-04
9.51780715e-02	6.53209112e-02	1.17383477e-04
9.57980440e-02	6.59274767e-02	1.17309035e-04
9.64180166e-02	6.64398642e-02	1.16327502e-04
9.70379891e-02	6.72685978e-02	1.16153837e-04
9.76579617e-02	6.77012126e-02	1.16331508e-04
9.82779342e-02	6.82230342e-02	1.15741895e-04
9.88979068e-02	7.09947831e-02	1.17199607e-04
9.95178793e-02	6.92549211e-02	1.15648610e-04
1.00137852e-01	6.98984303e-02	1.14634340e-04
1.00757824e-01	7.03459119e-02	1.14690583e-04
1.01377797e-01	7.10309159e-02	1.14863920e-04
1.01997769e-01	7.13649569e-02	1.14162240e-04
1.02617742e-01	7.19139429e-02	1.14039325e-04
1.03237715e-01	7.22671874e-02	1.14289615e-04
1.03857687e-01	7.25739783e-02	1.13868200e-04
1.04477660e-01	7.33846652e-02	1.14234604e-04
1.05097632e-01	7.39294153e-02	1.14653566e-04
1.05717605e-01	7.44732145e-02	1.13585377e-04
1.06337577e-01	7.48076044e-02	1.13472847e-04
1.06957550e-01	7.52178131e-02	1.13597603e-04
1.07577522e-01	7.57809542e-02	1.13175084e-04
1.08197495e-01	7.61963211e-02	1.13062037e-04
1.08817468e-01	7.63250195e-02	1.13085314e-04
1.09437440e-01	7.69192959e-02	1.12222751e-04
1.10057413e-01	7.73684271e-02	1.12121227e-04
1.10677385e-01	7.77504931e-02	1.12885983e-04
1.11297358e-01	7.79704238e-02	1.11726947e-04
1.11917330e-01	7.82478449e-02	1.11663523e-04
1.12537303e-01	7.87927159e-02	1.11827081e-04
1.13157275e-01	7.91416500e-02	1.11222944e-04
1.13777248e-01	7.97722347e-02	1.11193484e-04
1.14397220e-01	7.99704556e-02	1.12081061e-04
1.15017193e-01	8.01580059e-02	1.12907293e-04
1.15637166e-01	8.07930068e-02	1.13108829e-04
1.16257138e-01	8.09786856e-02	1.13623192e-04
1.16877111e-01	8.09902202e-02	1.12955283e-04
1.17497083e-01	8.16986792e-02	1.13865710e-04
1.18117056e-01	8.16825212e-02	1.14505253e-04
1.18737028e-01	8.21827793e-02	1.14636694e-04
1.19357001e-01	8.21911602e-02	1.14093352e-04
1.19976973e-01	8.25571952e-02	1.14984087e-04
1.20596946e-01	8.28454784e-02	1.14909232e-04
1.21216918e-01	8.30268457e-02	1.15117443e-04
1.21836891e-01	8.32425448e-02	1.15400171e-04
1.22456864e-01	8.36136586e-02	1.14752430e-04
1.23076836e-01	8.37693113e-02	1.14885227e-04
1.23696809e-01	8.39327029e-02	1.15589540e-04
1.24316781e-01	8.40879868e-02	1.14976000e-04
1.24936754e-01	8.43890540e-02	1.15286067e-04
1.25556726e-01	8.43468601e-02	1.15596868e-04
1.26176699e-01	8.49014058e-02	1.15306638e-04
1.26796671e-01	8.46484957e-02	1.15205570e-04
1.27416644e-01	8.48417253e-02	1.16100328e-04
1.28036616e-01	8.50879855e-02	1.15107099e-04
1.28656589e-01	8.49940314e-02	1.14894504e-04
1.29276562e-01	8.53245728e-02	1.15996289e-04
1.29896534e-01	8.54438094e-02	1.15473483e-04
1.30516507e-01	8.55046557e-02	1.15418117e-04
1.31136479e-01	8.53822739e-02	1.15521067e-04
1.31756452e-01	8.56763472e-02	1.15543846e-04
1.32376424e-01	8.56257904e-02	1.15580124e-04
1.32996397e-01	8.56093044e-02	1.16051496e-04
1.33616369e-01	8.57471117e-02	1.17575937e-04
1.34236342e-01	8.56290602e-02	1.18893662e-04
1.34856314e-01	8.55812043e-02	1.19456052e-04
1.35476287e-01	8.57602372e-02	1.20765556e-04
1.36096260e-01	8.57084304e-02	1.20036434e-04
1.36716232e-01	8.56952374e-02	1.21128142e-04
1.37336205e-01	8.57457433e-02	1.21307227e-04
1.37956177e-01	8.57353612e-02	1.21063395e-04
1.38576150e-01	8.56323508e-02	1.21582722e-04
1.39196122e-01	8.55044201e-02	1.20944999e-04
1.39816095e-01	8.55049039e-02	1.21295604e-04
1.40436067e-01	8.55255910e-02	1.21627262e-04
1.41056040e-01	8.52664085e-02	1.19963456e-04
1.41676012e-01	8.52326520e-02	1.19050700e-04
1.42295985e-01	8.52246633e-02	1.18447636e-04
1.42915958e-01	8.52164946e-02	1.17351090e-04
1.43535930e-01	8.50986760e-02	1.18115670e-04
1.44155903e-01	8.51896450e-02	1.17787903e-04
1.44775875e-01	8.47088903e-02	1.16341073e-04
1.45395848e-01	8.46574721e-02	1.16807486e-04
1.46015820e-01	8.45153991e-02	1.16633417e-04
1.46635793e-01	8.42602958e-02	1.15401222e-04
1.47255765e-01	8.43176302e-02	1.15707272e-04
1.47875738e-01	8.39983759e-02	1.15837222e-04
1.48495710e-01	8.39184661e-02	1.15630970e-04
1.49115683e-01	8.37088333e-02	1.16718313e-04
1.49735656e-01	8.35833253e-02	1.16201909e-04
1.50355628e-01	8.34411960e-02	1.15743426e-04
1.50975601e-01	8.31313062e-02	1.16379795e-04
1.51595573e-01	8.29388486e-02	1.16195619e-04
1.52215546e-01	8.26846672e-02	1.15759554e-04
1.52835518e-01	8.25164865e-02	1.15936675e-04
1.53455491e-01	8.23890019e-02	1.15783815e-04
1.54075463e-01	8.20598781e-02	1.15612196e-04
1.54695436e-01	8.18135956e-02	1.17648173e-04
1.55315408e-01	8.14637947e-02	1.18283439e-04
1.55935381e-01	8.11089216e-02	1.19340790e-04
1.56555354e-01	8.09500801e-02	1.20299930e-04
1.57175326e-01	8.06939980e-02	1.19843244e-04
1.57795299e-01	8.02298314e-02	1.21039128e-04
1.58415271e-01	8.01477548e-02	1.21713329e-04
1.59035244e-01	7.97128109e-02	1.21131812e-04
1.59655216e-01	7.94690631e-02	1.22049187e-04
1.60275189e-01	7.93784225e-02	1.23095882e-04
1.60895161e-01	7.89603252e-02	1.21617958e-04
1.61515134e-01	7.84186949e-02	1.22527415e-04
1.62135107e-01	7.81467910e-02	1.23309544e-04
1.62755079e-01	7.77460904e-02	1.20940563e-04
1.63375052e-01	7.74565028e-02	1.19295301e-04
1.63995024e-01	7.71147647e-02	1.19651358e-04
1.64614997e-01	7.67358210e-02	1.17998875e-04
1.65234969e-01	7.67629742e-02	1.17516123e-04
1.65854942e-01	7.59321918e-02	1.18119204e-04
1.66474914e-01	7.55720812e-02	1.16730333e-04
1.67094887e-01	7.53159807e-02	1.15856904e-04
1.67714859e-01	7.48307033e-02	1.16465278e-04
1.68334832e-01	7.45576369e-02	1.16032658e-04
1.68954805e-01	7.42001399e-02	1.14860832e-04
1.69574777e-01	7.36412709e-02	1.15225962e-04
1.70194750e-01	7.32206751e-02	1.14531957e-04
1.70814722e-01	7.27428368e-02	1.14361505e-04
1.71434695e-01	7.26690364e-02	1.15276700e-04
1.72054667e-01	7.21749612e-02	1.13593436e-04
1.72674640e-01	7.16958859e-02	1.12770953e-04
1.73294612e-01	7.10628184e-02	1.13655796e-04
1.73914585e-01	7.07587949e-02	1.12871696e-04
1.74534557e-01	7.00859559e-02	1.11856155e-04
1.75154530e-01	6.97436660e-02	1.12659696e-04
1.75774503e-01	6.94716119e-02	1.11340685e-04
1.76394475e-01	6.91994165e-02	1.11186295e-04
1.77014448e-01	6.84837428e-02	1.12071617e-04
1.77634420e-01	6.81853648e-02	1.10488965e-04
1.78254393e-01	6.76214929e-02	1.10406740e-04
1.78874365e-01	6.71555250e-02	1.10574236e-04
1.79494338e-01	6.66753896e-02	1.10143749e-04
1.80114310e-01	6.61185149e-02	1.09031741e-04
1.80734283e-01	6.55814026e-02	1.10141226e-04
1.81354255e-01	6.53084026e-02	1.09067041e-04
1.81974228e-01	6.46002399e-02	1.09134684e-04
1.82594201e-01	6.42721798e-02	1.09736819e-04
1.83214173e-01	6.37886277e-02	1.08440197e-04
1.83834146e-01	6.35344100e-02	1.07805975e-04
1.84454118e-01	6.28423604e-02	1.09008639e-04
1.85074091e-01	6.20911278e-02	1.07669095e-04
1.85694063e-01	6.18349481e-02	1.06757101e-04
1.86314036e-01	6.12334550e-02	1.07631012e-04
1.86934008e-01	6.07669797e-02	1.07067237e-04
1.87553981e-01	6.05171265e-02	1.06494823e-04
1.88173953e-01	5.96940842e-02	1.07265101e-04
1.88793926e-01	5.93993100e-02	1.05620490e-04
1.89413899e-01	5.86937760e-02	1.05480901e-04
1.90033871e-01	5.80173423e-02	1.06066270e-04
1.90653844e-01	5.77234087e-02	1.05150497e-04
1.91273816e-01	5.71928198e-02	1.04313122e-04
1.91893789e-01	5.68463886e-02	1.05387078e-04
1.92513761e-01	5.62661598e-02	1.04230587e-04
1.93133734e-01	5.57122915e-02	1.03736665e-04
1.93753706e-01	5.51196671e-02	1.04350679e-04
1.94373679e-01	5.47877023e-02	1.03752629e-04
1.94993651e-01	5.42019892e-02	1.02952976e-04
1.95613624e-01	5.34992527e-02	1.03396999e-04
1.96233597e-01	5.28370544e-02	1.02566623e-04
1.96853569e-01	5.25445354e-02	1.01975989e-04
1.97473542e-01	5.20680185e-02	1.02674514e-04
1.98093514e-01	5.15809930e-02	1.01826762e-04
1.98713487e-01	5.10236064e-02	1.01591546e-04
1.99333459e-01	5.05869863e-02	1.02038099e-04
1.99953432e-01	5.00022709e-02	1.00688480e-04
2.00573404e-01	4.93973165e-02	1.00783263e-04
2.01193377e-01	4.89574617e-02	1.00818367e-04
2.01813349e-01	4.83256448e-02	1.00429688e-04
2.02433322e-01	4.79216413e-02	9.95749821e-05
2.03053295e-01	4.72813645e-02	1.00226264e-04
2.03673267e-01	4.66817524e-02	9.91615675e-05
2.04293240e-01	4.62819197e-02	9.93695754e-05
2.04913212e-01	4.55738093e-02	9.91150607e-05
2.05533185e-01	4.52587380e-02	9.81224080e-05
2.06153157e-01	4.45924099e-02	9.78756803e-05
2.06773130e-01	4.41505012e-02	9.80931229e-05
2.07393102e-01	4.35222055e-02	9.73223486e-05
2.08013075e-01	4.31885817e-02	9.73097509e-05
2.08633047e-01	4.24605589e-02	9.73141801e-05
2.09253020e-01	4.21855671e-02	9.68764585e-05
2.09872993e-01	4.16838746e-02	9.67862326e-05
2.10492965e-01	4.12966745e-02	9.67499460e-05
2.11112938e-01	4.08342579e-02	9.58204394e-05
2.11732910e-01	4.01053020e-02	9.58671775e-05
2.12352883e-01	3.96609118e-02	9.54375755e-05
2.12972855e-01	3.89753115e-02	9.52794120e-05
2.13592828e-01	3.86046732e-02	9.47462591e-05
2.14212800e-01	3.81728370e-02	9.50499684e-05
2.14832773e-01	3.76872618e-02	9.40064556e-05
2.15452746e-01	3.70963410e-02	9.42387904e-05
2.16072718e-01	3.66377264e-02	9.39936666e-05
2.16692691e-01	3.61120316e-02	9.28102814e-05
2.17312663e-01	3.58024716e-02	9.29138741e-05
2.17932636e-01	3.53141492e-02	9.30599295e-05
2.18552608e-01	3.47575733e-02	9.17384561e-05
2.19172581e-01	3.44584335e-02	9.20961550e-05
2.19792553e-01	3.37620870e-02	9.20153921e-05
2.20412526e-01	3.33171553e-02	9.12697966e-05
2.21032498e-01	3.29876429e-02	9.12724551e-05
2.21652471e-01	3.24513316e-02	9.15094765e-05
2.22272444e-01	3.18785967e-02	9.00740206e-05
2.22892416e-01	3.14398332e-02	9.05771514e-05
2.23512389e-01	3.09414099e-02	9.04924305e-05
2.24132361e-01	3.06555011e-02	8.94892699e-05
2.24752334e-01	3.01164614e-02	8.99286740e-05
2.25372306e-01	2.96903497e-02	8.99056237e-05
2.25992279e-01	2.91148683e-02	8.91164082e-05
2.26612251e-01	2.88010183e-02	8.92718267e-05
2.27232224e-01	2.83657967e-02	8.88744990e-05
2.27852196e-01	2.78749399e-02	8.83641050e-05
2.28472169e-01	2.75165326e-02	8.83058528e-05
2.29092142e-01	2.69636448e-02	8.83760317e-05
2.29712114e-01	2.66159901e-02	8.73416808e-05
2.30332087e-01	2.63689859e-02	8.76228184e-05
2.30952059e-01	2.57802249e-02	8.78402737e-05
2.31572032e-01	2.53366812e-02	8.69945256e-05
2.32192004e-01	2.49223142e-02	8.69936683e-05
2.32811977e-01	2.45912833e-02	8.71085199e-05
2.33431949e-01	2.41329136e-02	8.60757926e-05
2.34051922e-01	2.39243552e-02	8.64231361e-05
2.34671894e-01	2.35023290e-02	8.61264049e-05
2.35291867e-01	2.29511184e-02	8.54898852e-05
2.35911840e-01	2.25530702e-02	8.59412673e-05
2.36531812e-01	2.21276264e-02	8.53982828e-05
2.37151785e-01	2.17463306e-02	8.51672875e-05
2.37771757e-01	2.14341713e-02	8.53725933e-05
2.38391730e-01	2.11747810e-02	8.49396787e-05
2.39011702e-01	2.08152693e-02	8.42181046e-05
2.39631675e-01	2.02373572e-02	8.45450697e-05
2.40251647e-01	1.99812400e-02	8.39640661e-05
2.40871620e-01	1.95392459e-02	8.34315830e-05
2.41491592e-01	1.93333359e-02	8.41312227e-05
2.42111565e-01	1.88763083e-02	8.37580678e-05
2.42731538e-01	1.85285325e-02	8.30521456e-05
2.43351510e-01	1.81627573e-02	8.35219125e-05
2.43971483e-01	1.78485080e-02	8.30784346e-05
2.44591455e-01	1.75967624e-02	8.23513508e-05
2.45211428e-01	1.71055220e-02	8.26584643e-05
2.45831400e-01	1.68300416e-02	8.23310291e-05
2.46451373e-01	1.65679008e-02	8.19762162e-05
2.47071345e-01	1.62773338e-02	8.19319869e-05
2.47691318e-01	1.59493655e-02	8.20287570e-05
2.48311290e-01	1.55104892e-02	8.15158782e-05
2.48931263e-01	1.54912493e-02	8.17450435e-05
2.49551236e-01	1.50522108e-02	8.14812135e-05
2.50171208e-01	1.47676569e-02	8.06370244e-05
2.50791181e-01	1.44391672e-02	8.10655528e-05
2.51411153e-01	1.41106654e-02	8.06783913e-05
2.52031126e-01	1.39179356e-02	8.04121252e-05
2.52651098e-01	1.36178036e-02	8.06833700e-05
2.53271071e-01	1.32501124e-02	8.14248082e-05
2.53891043e-01	1.31234743e-02	8.24358946e-05
2.54511016e-01	1.27162911e-02	8.33106177e-05
2.55130988e-01	1.24401545e-02	8.33945455e-05
2.55750961e-01	1.22816396e-02	8.38060696e-05
2.56370934e-01	1.20246788e-02	8.43844229e-05
2.56990906e-01	1.18409986e-02	8.40491841e-05
2.57610879e-01	1.15440744e-02	8.47961638e-05
2.58230851e-01	1.11264286e-02	8.53393100e-05
2.58850824e-01	1.11220134e-02	8.50881110e-05
2.59470796e-01	1.07152365e-02	8.57225557e-05
2.60090769e-01	1.04926020e-02	8.59968327e-05
2.60710741e-01	1.01616773e-02	8.55984981e-05
2.61330714e-01	1.00798625e-02	8.36745904e-05
2.61950686e-01	9.84369770e-03	8.33097002e-05
2.62570659e-01	9.51382440e-03	8.24688836e-05
2.63190632e-01	9.34750120e-03	8.19745618e-05
2.63810604e-01	9.16810940e-03	8.18879669e-05
2.64430577e-01	8.98866370e-03	8.14243938e-05
2.65050549e-01	8.80052580e-03	8.07931560e-05
2.65670522e-01	8.55349890e-03	8.12172597e-05
2.66290494e-01	8.25129880e-03	8.02469515e-05
2.66910467e-01	8.20592270e-03	7.97893954e-05
2.67530439e-01	8.04455020e-03	7.98790006e-05
2.68150412e-01	7.89235040e-03	7.97760055e-05
2.68770384e-01	7.51646870e-03	7.91496249e-05
2.69390357e-01	7.43771200e-03	7.95377923e-05
2.70010330e-01	7.12403090e-03	7.91241205e-05
2.70630302e-01	7.21004540e-03	7.88088888e-05
2.71250275e-01	6.89976600e-03	7.90620885e-05
2.71870247e-01	6.77287640e-03	7.86195636e-05
2.72490220e-01	6.52110410e-03	7.79837562e-05
2.73110192e-01	6.53649520e-03	7.89454908e-05
2.73730165e-01	6.39872370e-03	7.80265686e-05
2.74350137e-01	6.25802800e-03	7.79015998e-05
2.74970110e-01	6.07070710e-03	7.83418217e-05
2.75590083e-01	5.86174770e-03	7.80535921e-05
2.76210055e-01	5.76940740e-03	7.75356662e-05
2.76830028e-01	5.64770290e-03	7.83345233e-05
2.77450000e-01	5.50323370e-03	7.72892302e-05
2.78069973e-01	5.44463760e-03	7.71366198e-05
2.78689945e-01	5.30070150e-03	7.76372686e-05
2.79309918e-01	5.09756660e-03	7.70217945e-05
2.79929890e-01	5.04221120e-03	7.67486956e-05
2.80549863e-01	4.90690770e-03	7.72205502e-05
2.81169835e-01	4.79557350e-03	7.67647518e-05
2.81789808e-01	4.71161110e-03	7.67363781e-05
2.82409781e-01	4.58833680e-03	7.72939816e-05
2.83029753e-01	4.49516380e-03	7.64252083e-05
2.83649726e-01	4.22924510e-03	7.59672721e-05
2.84269698e-01	4.36756480e-03	7.65806824e-05
2.84889671e-01	4.20895730e-03	7.60981712e-05
2.85509643e-01	4.02168640e-03	7.58646282e-05
2.86129616e-01	4.02668820e-03	7.64139984e-05
2.86749588e-01	3.91379870e-03	7.57898922e-05
2.87369561e-01	3.92958550e-03	7.55243532e-05
2.87989533e-01	3.78183190e-03	7.63800217e-05
2.88609506e-01	3.72969550e-03	7.57557170e-05
2.89229479e-01	3.64406430e-03	7.53230452e-05
2.89849451e-01	3.60280340e-03	7.56773977e-05
2.90469424e-01	3.57708890e-03	7.53338465e-05
2.91089396e-01	3.41976700e-03	7.50591339e-05
2.91709369e-01	3.31866560e-03	7.55467703e-05
2.92329341e-01	3.28422350e-03	7.55006006e-05
2.92949314e-01	3.21727020e-03	7.47118905e-05
2.93569286e-01	3.03057110e-03	7.54683880e-05
2.94189259e-01	3.03644410e-03	7.46624044e-05
2.94809231e-01	3.04069770e-03	7.44453055e-05
2.95429204e-01	2.89600830e-03	7.48312384e-05
2.96049177e-01	2.84847620e-03	7.42582124e-05
2.96669149e-01	2.73466000e-03	7.40413255e-05
2.97289122e-01	2.85849770e-03	7.44613976e-05
2.97909094e-01	2.65979390e-03	7.40791426e-05
2.98529067e-01	2.78331540e-03	7.38286404e-05
2.99149039e-01	2.67234000e-03	7.42333972e-05
2.99769012e-01	2.59180840e-03	7.35437652e-05
3.00388984e-01	2.63757480e-03	7.35855701e-05
3.01008957e-01	2.66912150e-03	7.39728822e-05
3.01628929e-01	2.59983760e-03	7.33191424e-05
3.02248902e-01	2.52417070e-03	7.36214020e-05
3.02868875e-01	2.44812120e-03	7.37712737e-05
3.03488847e-01	2.40581920e-03	7.35325600e-05
3.04108820e-01	2.45492700e-03	7.33588925e-05
3.04728792e-01	2.45072760e-03	7.39336179e-05
3.05348765e-01	2.30307400e-03	7.30638942e-05
3.05968737e-01	2.40323410e-03	7.33178384e-05
3.06588710e-01	2.36908650e-03	7.37393417e-05
3.07208682e-01	2.30323510e-03	7.31217906e-05
3.07828655e-01	2.26968880e-03	7.31893163e-05
3.08448627e-01	2.28868720e-03	7.34916771e-05
3.09068600e-01	2.36779800e-03	7.48235959e-05
3.09688573e-01	2.26960160e-03	7.55336739e-05
3.10308545e-01	2.33236280e-03	7.66333379e-05
3.10928518e-01	2.26820020e-03	7.66814654e-05
3.11548490e-01	2.11636540e-03	7.64222168e-05
3.12168463e-01	2.24067630e-03	7.57260645e-05
3.12788435e-01	2.24935880e-03	7.45065373e-05
3.13408408e-01	2.24345990e-03	7.47609219e-05
3.14028380e-01	2.14893330e-03	7.47744452e-05
3.14648353e-01	2.26861220e-03	7.39818604e-05
3.15268325e-01	2.15877280e-03	7.38608589e-05
3.15888298e-01	2.25268550e-03	7.43811158e-05
3.16508271e-01	2.18768060e-03	7.36844051e-05
3.17128243e-01	2.21903830e-03	7.39199770e-05
3.17748216e-01	2.25072530e-03	7.40386968e-05
3.18368188e-01	2.25092310e-03	7.37153130e-05
3.18988161e-01	2.27529840e-03	7.37714731e-05
3.19608133e-01	2.20888760e-03	7.42093691e-05
3.20228106e-01	2.25104260e-03	7.38285358e-05
3.20848078e-01	2.28340670e-03	7.40333628e-05
3.21468051e-01	2.19621210e-03	7.40455347e-05
3.22088023e-01	2.32291010e-03	7.37518939e-05
3.22707996e-01	2.21076100e-03	7.37343524e-05
3.23327969e-01	2.38932770e-03	7.39486744e-05
3.23947941e-01	2.21854090e-03	7.37284687e-05
3.24567914e-01	2.20046860e-03	7.39015235e-05
3.25187886e-01	2.29272600e-03	7.38132431e-05
3.25807859e-01	2.26412320e-03	7.34718515e-05
3.26427831e-01	2.18554580e-03	7.40238255e-05
3.27047804e-01	2.18558140e-03	7.38795652e-05
3.27667776e-01	2.29779320e-03	7.37658761e-05
3.28287749e-01	2.44410640e-03	7.38307553e-05
3.28907722e-01	2.24517700e-03	7.37958719e-05
3.29527694e-01	2.38367780e-03	7.36979932e-05
3.30147667e-01	2.49109740e-03	7.40460491e-05
3.30767639e-01	2.42046700e-03	7.39164205e-05
3.31387612e-01	2.44022550e-03	7.37521864e-05
3.32007584e-01	2.50819480e-03	7.40974575e-05
3.32627557e-01	2.51037460e-03	7.41468767e-05
3.33247529e-01	2.44821530e-03	7.43243954e-05
3.33867502e-01	2.56167930e-03	7.50137905e-05
3.34487474e-01	2.49046530e-03	7.48743046e-05
3.35107447e-01	2.57936180e-03	7.50613912e-05
3.35727420e-01	2.44042430e-03	7.56047401e-05
3.36347392e-01	2.49113070e-03	7.55031635e-05
3.36967365e-01	2.52213130e-03	7.54356814e-05
3.37587337e-01	2.56682050e-03	7.57960455e-05
3.38207310e-01	2.61968020e-03	7.53016079e-05
3.38827282e-01	2.65859950e-03	7.54495527e-05
3.39447255e-01	2.57753100e-03	7.51477488e-05
3.40067227e-01	2.69280320e-03	7.50208005e-05
3.40687200e-01	2.57348060e-03	7.48147784e-05
3.41307172e-01	2.71081950e-03	7.53801014e-05
3.41927145e-01	2.70512020e-03	7.50079234e-05
3.42547118e-01	2.75141840e-03	7.48392509e-05
3.43167090e-01	2.84222800e-03	7.53735443e-05
3.43787063e-01	2.80720030e-03	7.49749981e-05
3.44407035e-01	2.81244250e-03	7.50420862e-05
3.45027008e-01	2.73855380e-03	7.52516116e-05
3.45646980e-01	2.88582390e-03	7.48307754e-05
3.46266953e-01	2.81834370e-03	7.45514717e-05
3.46886925e-01	2.84482280e-03	7.49325080e-05
3.47506898e-01	2.83566910e-03	7.45935995e-05
3.48126870e-01	2.84512630e-03	7.44741927e-05
3.48746843e-01	2.73936630e-03	7.50780245e-05
3.49366816e-01	2.80531890e-03	7.45993608e-05
3.49986788e-01	2.83137710e-03	7.46226550e-05
3.50606761e-01	2.84527910e-03	7.54891666e-05
3.51226733e-01	3.02394220e-03	7.50925638e-05
3.51846706e-01	2.91684460e-03	7.71277309e-05
3.52466678e-01	2.87769360e-03	7.80467303e-05
3.53086651e-01	2.92758920e-03	7.80882844e-05
3.53706623e-01	3.05078700e-03	7.94380988e-05
3.54326596e-01	2.94483550e-03	8.03981028e-05
3.54946568e-01	3.10596340e-03	8.04769771e-05
3.55566541e-01	3.10808220e-03	8.11702585e-05
3.56186514e-01	3.02903910e-03	8.16590653e-05
3.56806486e-01	3.11963880e-03	8.16643947e-05
3.57426459e-01	3.05695860e-03	8.26787075e-05
3.58046431e-01	3.08816620e-03	8.32101814e-05
3.58666404e-01	3.23193030e-03	8.29309532e-05
3.59286376e-01	3.12946060e-03	8.28672848e-05
3.59906349e-01	3.08917900e-03	8.17711618e-05
3.60526321e-01	3.14117900e-03	8.05826486e-05
3.61146294e-01	2.87155090e-03	7.95921810e-05
3.61766266e-01	3.22579180e-03	8.03696811e-05
3.62386239e-01	3.14486250e-03	7.90893017e-05
3.63006212e-01	3.20594770e-03	7.89855889e-05
3.63626184e-01	3.25568630e-03	7.93385823e-05
3.64246157e-01	3.10153390e-03	7.87189607e-05
3.64866129e-01	3.18084980e-03	7.86726993e-05
3.65486102e-01	3.18778800e-03	7.93447269e-05
3.66106074e-01	3.12847700e-03	7.79044137e-05
3.66726047e-01	3.12202670e-03	7.84131611e-05
3.67346019e-01	3.22764570e-03	7.86200487e-05
3.67965992e-01	3.24482630e-03	7.80887809e-05
3.68585964e-01	3.25017660e-03	7.83344802e-05
3.69205937e-01	3.28272920e-03	7.87905542e-05
3.69825910e-01	3.32947210e-03	7.76769421e-05
3.70445882e-01	3.13576920e-03	7.80984248e-05
3.71065855e-01	3.12872990e-03	7.84995312e-05
3.71685827e-01	3.21057580e-03	7.78056627e-05
3.72305800e-01	3.21758810e-03	7.80330481e-05
3.72925772e-01	3.30708450e-03	7.84722996e-05
3.73545745e-01	3.23013420e-03	7.75567370e-05
3.74165717e-01	3.10521610e-03	7.77995199e-05
3.74785690e-01	3.32276630e-03	7.79111153e-05
3.75405662e-01	3.15146150e-03	7.71066422e-05
3.76025635e-01	3.17034210e-03	7.77123684e-05
3.76645608e-01	3.13951240e-03	7.73172864e-05
3.77265580e-01	3.22002510e-03	7.68121482e-05
3.77885553e-01	3.28920360e-03	7.72501398e-05
3.78505525e-01	3.13882000e-03	7.73601014e-05
3.79125498e-01	3.13666990e-03	7.64102252e-05
3.79745470e-01	3.05691390e-03	7.67466875e-05
3.80365443e-01	3.29705880e-03	7.64526786e-05
3.80985415e-01	3.17145040e-03	7.63893788e-05
3.81605388e-01	3.07487210e-03	7.65732267e-05
3.82225361e-01	3.19201440e-03	7.70596678e-05
3.82845333e-01	3.16531380e-03	7.62730878e-05
3.83465306e-01	3.22021880e-03	7.66943199e-05
3.84085278e-01	3.02963510e-03	7.66814244e-05
3.84705251e-01	3.30213560e-03	7.64394728e-05
3.85325223e-01	3.12379470e-03	7.67429325e-05
3.85945196e-01	3.18023640e-03	7.66312806e-05
3.86565168e-01	3.20308730e-03	7.63200578e-05
3.87185141e-01	3.31452560e-03	7.67670369e-05
3.87805113e-01	3.14553960e-03	7.65157770e-05
3.88425086e-01	3.22843080e-03	7.63526945e-05
3.89045059e-01	3.13205200e-03	7.68621442e-05
3.89665031e-01	3.27724330e-03	7.67827998e-05
3.90285004e-01	3.13162710e-03	7.64110146e-05
3.90904976e-01	3.07201800e-03	7.65641302e-05
3.91524949e-01	3.16015830e-03	7.66599424e-05
3.92144921e-01	3.24652910e-03	7.61363246e-05
3.92764894e-01	3.01342950e-03	7.67259958e-05
3.93384866e-01	3.16548030e-03	7.64482486e-05
3.94004839e-01	3.12686890e-03	7.62663786e-05
3.94624811e-01	3.08665620e-03	7.67916084e-05
3.95244784e-01	2.97108830e-03	7.63086362e-05
3.95864757e-01	3.02321750e-03	7.60537449e-05
3.96484729e-01	2.99024890e-03	7.68587457e-05
3.97104702e-01	3.09824120e-03	7.64340967e-05
3.97724674e-01	2.99738950e-03	7.58215567e-05
3.98344647e-01	3.06925850e-03	7.65931618e-05
3.98964619e-01	3.02882110e-03	7.62325805e-05
3.99584592e-01	3.07942350e-03	7.59954744e-05
4.00204564e-01	3.07520790e-03	7.66323619e-05
4.00824537e-01	3.02292080e-03	7.58861583e-05
4.01444509e-01	2.99547190e-03	7.57215016e-05
4.02064482e-01	3.01756890e-03	7.62647278e-05
4.02684455e-01	2.73781420e-03	7.58919840e-05
4.03304427e-01	3.00344190e-03	7.54236326e-05
4.03924400e-01	2.79062410e-03	7.64159184e-05
4.04544372e-01	2.93792170e-03	7.57159149e-05
4.05164345e-01	2.84484710e-03	7.57962485e-05
4.05784317e-01	2.94402960e-03	7.65153911e-05
4.06404290e-01	2.82038950e-03	7.60772363e-05
4.07024262e-01	2.89237240e-03	7.59170677e-05
4.07644235e-01	2.86609260e-03	7.65948274e-05
4.08264207e-01	2.82923430e-03	7.59712006e-05
4.08884180e-01	2.87538260e-03	7.58881359e-05
4.09504153e-01	2.75814750e-03	7.62164203e-05
4.10124125e-01	2.90121320e-03	7.59571686e-05
4.10744098e-01	2.71182100e-03	7.59884658e-05
4.11364070e-01	2.74763720e-03	7.64918793e-05
4.11984043e-01	2.67797120e-03	7.57278765e-05
4.12604015e-01	2.73885490e-03	7.60245158e-05
4.13223988e-01	2.75857470e-03	7.65035986e-05
4.13843960e-01	2.83043570e-03	7.57875503e-05
4.14463933e-01	2.75810980e-03	7.60382588e-05
4.15083905e-01	2.76394180e-03	7.60834048e-05
4.15703878e-01	2.60452550e-03	7.57050870e-05
4.16323851e-01	2.76210960e-03	7.58940591e-05
4.16943823e-01	2.70484550e-03	7.63669424e-05
4.17563796e-01	2.60402530e-03	7.55862662e-05
4.18183768e-01	2.50527180e-03	7.61391964e-05
4.18803741e-01	2.47762010e-03	7.61030159e-05
4.19423713e-01	2.69580390e-03	7.55845772e-05
4.20043686e-01	2.58828660e-03	7.58031258e-05
4.20663658e-01	2.57052590e-03	7.62500159e-05
4.21283631e-01	2.66081510e-03	7.56899202e-05
4.21903603e-01	2.40374500e-03	7.58222358e-05
4.22523576e-01	2.44526610e-03	7.56621543e-05
4.23143549e-01	2.39171430e-03	7.56908392e-05
4.23763521e-01	2.50765660e-03	7.59947091e-05
4.24383494e-01	2.55336700e-03	7.61559631e-05
4.25003466e-01	2.51692260e-03	7.55885813e-05
4.25623439e-01	2.52310720e-03	7.58510912e-05
4.26243411e-01	2.58567370e-03	7.58365908e-05
4.26863384e-01	2.42699980e-03	7.55581916e-05
4.27483356e-01	2.39870810e-03	7.60047749e-05
4.28103329e-01	2.31809930e-03	7.55487126e-05
4.28723301e-01	2.41333450e-03	7.56108193e-05
4.29343274e-01	2.34740390e-03	7.59034900e-05
4.29963247e-01	2.40459190e-03	7.57127978e-05
4.30583219e-01	2.42357400e-03	7.56406783e-05
4.31203192e-01	2.38251520e-03	7.58011079e-05
4.31823164e-01	2.32521730e-03	7.58694973e-05
4.32443137e-01	2.33255990e-03	7.53793524e-05
4.33063109e-01	2.25694560e-03	7.58379781e-05
4.33683082e-01	2.40066690e-03	7.56156866e-05
4.34303054e-01	2.21982620e-03	7.52478280e-05
4.34923027e-01	2.28713150e-03	7.61122165e-05
4.35543000e-01	2.29051660e-03	7.57375978e-05
4.36162972e-01	2.38710640e-03	7.54474736e-05
4.36782945e-01	2.34452030e-03	7.56964182e-05
4.37402917e-01	2.33439740e-03	7.56298443e-05
4.38022890e-01	2.17923630e-03	7.51462722e-05
4.38642862e-01	2.19793820e-03	7.59705995e-05
4.39262835e-01	2.35444120e-03	7.55523855e-05
4.39882807e-01	2.24117310e-03	7.53132589e-05
4.40502780e-01	2.34595220e-03	7.57157886e-05
4.41122752e-01	2.36311340e-03	7.56789863e-05
4.41742725e-01	2.14792110e-03	7.53075742e-05
4.42362698e-01	2.07798390e-03	7.60020193e-05
4.42982670e-01	2.21946500e-03	7.53748591e-05
4.43602643e-01	2.05507510e-03	7.50518890e-05
4.44222615e-01	2.28745570e-03	7.58195554e-05
4.44842588e-01	2.15228160e-03	7.55067628e-05
4.45462560e-01	2.17633600e-03	7.51059315e-05
4.46082533e-01	2.18584430e-03	7.59420550e-05
4.46702505e-01	2.12303160e-03	7.53564452e-05
4.47322478e-01	1.99502440e-03	7.51477910e-05
4.47942450e-01	2.23449830e-03	7.61022736e-05
4.48562423e-01	1.97372230e-03	7.50670322e-05
4.49182396e-01	2.09790010e-03	7.52648229e-05
4.49802368e-01	1.96824030e-03	7.69515639e-05
4.50422341e-01	2.06763860e-03	7.78257182e-05
4.51042313e-01	2.01951290e-03	7.90299353e-05
4.51662286e-01	2.03354700e-03	7.98236184e-05
4.52282258e-01	2.31849540e-03	7.97930159e-05
4.52902231e-01	2.17767110e-03	8.10192299e-05
4.53522203e-01	2.03232990e-03	8.11695867e-05
4.54142176e-01	2.02751940e-03	8.05161817e-05
4.54762148e-01	2.04975820e-03	8.09612760e-05
4.55382121e-01	2.20840660e-03	8.14181744e-05
4.56002094e-01	2.22140540e-03	8.14103438e-05
4.56622066e-01	2.09716540e-03	8.21557345e-05
4.57242039e-01	1.95974590e-03	8.15638401e-05
4.57862011e-01	2.11028600e-03	7.92073201e-05
4.58481984e-01	2.01871250e-03	7.85792684e-05
4.59101956e-01	2.03890970e-03	7.86655272e-05
4.59721929e-01	1.93323020e-03	7.82574777e-05
4.60341901e-01	2.01706300e-03	7.80099524e-05
4.60961874e-01	1.98892250e-03	7.82140861e-05
4.61581846e-01	2.07756360e-03	7.75424080e-05
4.62201819e-01	1.96747860e-03	7.79987766e-05
4.62821792e-01	2.03680510e-03	7.80530875e-05
4.63441764e-01	2.07422690e-03	7.73294184e-05
4.64061737e-01	2.06252100e-03	7.80535987e-05
4.64681709e-01	2.02944690e-03	7.80342183e-05
4.65301682e-01	2.16627110e-03	7.79672943e-05
4.65921654e-01	2.13512070e-03	7.80085548e-05
4.66541627e-01	1.91344420e-03	7.78569614e-05
4.67161599e-01	1.97886550e-03	7.77440904e-05
4.67781572e-01	2.05503240e-03	7.79547218e-05
4.68401544e-01	2.03236260e-03	7.78328932e-05
4.69021517e-01	1.81500130e-03	7.73227693e-05
4.69641490e-01	2.47822700e-03	8.09215579e-05
4.70261462e-01	1.98176930e-03	7.74231075e-05
4.70881435e-01	1.93213040e-03	7.77000236e-05
4.71501407e-01	1.95591680e-03	7.83953252e-05
4.72121380e-01	1.91713790e-03	7.74735122e-05
4.72741352e-01	2.07053260e-03	7.71539812e-05
4.73361325e-01	1.89230460e-03	7.81842980e-05
4.73981297e-01	1.97219150e-03	7.77711748e-05
4.74601270e-01	1.93435480e-03	7.76039026e-05
4.75221242e-01	1.96941080e-03	7.84192659e-05
4.75841215e-01	1.95813600e-03	7.78190363e-05
4.76461188e-01	2.02830590e-03	7.79090445e-05
4.77081160e-01	1.87623140e-03	7.86586265e-05
4.77701133e-01	2.11476340e-03	7.79620486e-05
4.78321105e-01	2.02163300e-03	7.77946349e-05
4.78941078e-01	1.98934400e-03	7.86161043e-05
4.79561050e-01	1.85249460e-03	7.77415920e-05
4.80181023e-01	2.04571830e-03	7.82546242e-05
4.80800995e-01	2.01780650e-03	7.81603964e-05
4.81420968e-01	2.09048690e-03	7.81819476e-05
4.82040940e-01	1.98692660e-03	7.82820630e-05
4.82660913e-01	1.97767240e-03	7.88350918e-05
4.83280886e-01	2.01088550e-03	7.80581644e-05
4.83900858e-01	1.98829280e-03	7.83010606e-05
4.84520831e-01	1.96898550e-03	7.85590951e-05
4.85140803e-01	2.00326110e-03	7.79909911e-05
4.85760776e-01	2.13533410e-03	7.87731690e-05
4.86380748e-01	2.10244990e-03	7.85023066e-05
4.87000721e-01	2.03143450e-03	7.82662558e-05
4.87620693e-01	2.17655310e-03	7.87227481e-05
4.88240666e-01	1.96804350e-03	7.86725907e-05
4.88860638e-01	1.94462650e-03	7.87107517e-05
4.89480611e-01	2.14988170e-03	7.90004551e-05
4.90100584e-01	1.99644400e-03	7.86883097e-05
4.90720556e-01	2.02762180e-03	7.88079594e-05
4.91340529e-01	2.10836870e-03	7.89642769e-05
4.91960501e-01	1.94208480e-03	7.91857696e-05
4.92580474e-01	2.12449230e-03	7.90405596e-05
4.93200446e-01	2.00940790e-03	7.95848924e-05
4.93820419e-01	2.20959450e-03	7.94445929e-05
4.94440391e-01	2.15989990e-03	7.95366196e-05
4.95060364e-01	2.01884500e-03	7.98343188e-05
4.95680337e-01	2.02697550e-03	7.94013964e-05
4.96300309e-01	2.06325290e-03	7.97336132e-05
4.96920282e-01	2.04377760e-03	8.02170907e-05
4.97540254e-01	2.10595030e-03	7.98333566e-05
4.98160227e-01	2.04321320e-03	7.96204417e-05
4.98780199e-01	2.17870320e-03	8.02966090e-05
4.99400172e-01	2.10288020e-03	7.98195680e-05
5.00020144e-01	2.14545140e-03	8.01119689e-05
5.00640117e-01	2.02893090e-03	8.04798590e-05
5.01260089e-01	2.14314590e-03	7.98516501e-05
5.01880062e-01	2.11459560e-03	8.01787353e-05
5.02500035e-01	2.02721290e-03	8.06258455e-05
5.03120007e-01	2.19690560e-03	7.99579411e-05
5.03739980e-01	2.09712420e-03	8.06217893e-05
5.04359952e-01	2.12999390e-03	8.11034716e-05
5.04979925e-01	1.99515940e-03	8.04761542e-05
5.05599897e-01	2.04289650e-03	8.08678147e-05
5.06219870e-01	2.11672870e-03	8.15774101e-05
5.06839842e-01	2.11878740e-03	8.10465800e-05
5.07459815e-01	2.06658030e-03	8.17291008e-05
5.08079787e-01	2.06005730e-03	8.23284181e-05
5.08699760e-01	2.10052130e-03	8.15103885e-05
5.09319733e-01	2.12097860e-03	8.23061360e-05
5.09939705e-01	2.15328000e-03	8.24712549e-05
5.10559678e-01	2.12441480e-03	8.25746431e-05
5.11179650e-01	2.07559330e-03	8.26327969e-05
5.11799623e-01	2.18251900e-03	8.31181190e-05
5.12419595e-01	2.20498450e-03	8.35302234e-05
5.13039568e-01	2.09630580e-03	8.41892079e-05
5.13659540e-01	2.01840330e-03	8.36035573e-05
5.14279513e-01	2.14526310e-03	8.43068012e-05
5.14899485e-01	2.07520660e-03	8.42172499e-05
5.15519458e-01	2.01256260e-03	8.48482632e-05
5.16139431e-01	2.08443850e-03	8.50820999e-05
5.16759403e-01	2.27388090e-03	8.55965126e-05
5.17379376e-01	2.15467980e-03	8.54202403e-05
5.17999348e-01	2.15872470e-03	8.56319728e-05
5.18619321e-01	2.14549200e-03	8.64509780e-05
5.19239293e-01	2.31180370e-03	8.61925318e-05
5.19859266e-01	2.13185600e-03	8.63263871e-05
5.20479238e-01	2.06457310e-03	8.59621433e-05
5.21099211e-01	2.12216070e-03	8.63484855e-05
5.21719183e-01	2.29133320e-03	8.65751199e-05
5.22339156e-01	2.35048630e-03	8.68552286e-05
5.22959129e-01	2.20138760e-03	8.69474401e-05
5.23579101e-01	2.28136590e-03	8.71560373e-05
5.24199074e-01	2.26669970e-03	8.68756139e-05
5.24819046e-01	2.19861480e-03	8.74790685e-05
5.25439019e-01	2.41496820e-03	8.74342304e-05
5.26058991e-01	2.25170960e-03	8.75732479e-05
5.26678964e-01	2.31275550e-03	8.76263559e-05
5.27298936e-01	2.18635390e-03	8.78846610e-05
5.27918909e-01	2.19884970e-03	8.80291731e-05
5.28538881e-01	2.24719820e-03	8.80721178e-05
5.29158854e-01	2.12129110e-03	8.83604591e-05
5.29778827e-01	2.29752330e-03	8.85815716e-05
5.30398799e-01	2.14086250e-03	8.89217627e-05
5.31018772e-01	2.15274290e-03	8.88673823e-05
5.31638744e-01	2.35871010e-03	8.92193730e-05
5.32258717e-01	2.30904170e-03	8.89905023e-05
5.32878689e-01	2.08526480e-03	8.91976151e-05
5.33498662e-01	2.22233240e-03	8.93754765e-05
5.34118634e-01	2.21770930e-03	8.98804327e-05
5.34738607e-01	2.24800470e-03	8.95181263e-05
5.35358579e-01	2.33919480e-03	9.03958222e-05
5.35978552e-01	2.35699010e-03	9.02494305e-05
5.36598525e-01	2.37081060e-03	9.09582090e-05
5.37218497e-01	2.23001790e-03	9.02691142e-05
5.37838470e-01	2.25261310e-03	9.07081336e-05
5.38458442e-01	2.19652470e-03	9.09175001e-05
5.39078415e-01	2.16772240e-03	9.12015847e-05
5.39698387e-01	2.22891720e-03	9.16025610e-05
5.40318360e-01	2.19143520e-03	9.11467930e-05
5.40938332e-01	2.21600670e-03	9.19837752e-05
5.41558305e-01	2.13828300e-03	9.20025289e-05
5.42178277e-01	2.36832240e-03	9.26849557e-05
5.42798250e-01	2.29312150e-03	9.26754684e-05
5.43418223e-01	2.25307630e-03	9.25331822e-05
5.44038195e-01	2.38184370e-03	9.29120282e-05
5.44658168e-01	2.26743830e-03	9.30546281e-05
5.45278140e-01	2.18339120e-03	9.28761267e-05
5.45898113e-01	2.26988960e-03	9.34088077e-05
5.46518085e-01	2.19237840e-03	9.34301041e-05
5.47138058e-01	2.21047650e-03	9.35365496e-05
5.47758030e-01	2.35500150e-03	9.38258005e-05
5.48378003e-01	2.30409240e-03	9.40437220e-05
5.48997976e-01	2.21442800e-03	9.43104095e-05
5.49617948e-01	2.31704150e-03	9.42789929e-05
5.50237921e-01	2.37203590e-03	9.47252798e-05
5.50857893e-01	2.09763200e-03	9.44794835e-05
5.51477866e-01	2.38219940e-03	9.49444717e-05
5.52097838e-01	2.25357770e-03	9.50619763e-05
5.52717811e-01	2.29353350e-03	9.58285018e-05
5.53337783e-01	2.28407030e-03	9.61596802e-05
5.53957756e-01	2.29887260e-03	9.59868949e-05
5.54577728e-01	2.29846610e-03	9.66039306e-05
5.55197701e-01	2.27709030e-03	9.66201150e-05
5.55817674e-01	2.29508720e-03	9.65816117e-05
5.56437646e-01	2.32308820e-03	9.68535098e-05
5.57057619e-01	2.26091500e-03	9.68760954e-05
5.57677591e-01	2.17887830e-03	9.73016995e-05
5.58297564e-01	2.24940430e-03	9.73376464e-05
5.58917536e-01	2.33129710e-03	9.74443149e-05
5.59537509e-01	2.40866920e-03	9.76153419e-05
5.60157481e-01	2.31506170e-03	9.76926671e-05
5.60777454e-01	2.20278600e-03	9.82413802e-05
5.61397426e-01	2.33186890e-03	9.78793912e-05
5.62017399e-01	2.32605270e-03	9.81048538e-05
5.62637372e-01	2.17194320e-03	9.83316575e-05
5.63257344e-01	2.31100180e-03	9.86441041e-05
5.63877317e-01	2.32271950e-03	9.91211303e-05
5.64497289e-01	2.47254190e-03	9.94081261e-05
5.65117262e-01	2.42287710e-03	9.97721546e-05
5.65737234e-01	2.15530050e-03	9.96586414e-05
5.66357207e-01	2.16828470e-03	1.00589207e-04
5.66977179e-01	2.26949590e-03	1.01328443e-04
5.67597152e-01	2.27644750e-03	1.00494684e-04
5.68217124e-01	2.29654690e-03	1.01328050e-04
5.68837097e-01	2.10083740e-03	1.01889535e-04
5.69457070e-01	2.35087360e-03	1.02189168e-04
5.70077042e-01	2.01279570e-03	1.02021632e-04
5.70697015e-01	2.45581410e-03	1.02891948e-04
5.71316987e-01	2.21517590e-03	1.02861624e-04
5.71936960e-01	2.22864260e-03	1.03640059e-04
5.72556932e-01	2.29675160e-03	1.04347596e-04
5.73176905e-01	2.29553260e-03	1.04492473e-04
5.73796877e-01	2.36638890e-03	1.04400824e-04
5.74416850e-01	2.24566590e-03	1.04696040e-04
5.75036822e-01	2.33996200e-03	1.05102101e-04
5.75656795e-01	2.16137560e-03	1.05203615e-04
5.76276768e-01	2.00311850e-03	1.06039181e-04
5.76896740e-01	2.09016420e-03	1.06349556e-04
5.77516713e-01	2.08376740e-03	1.06372866e-04
5.78136685e-01	2.17625090e-03	1.07121957e-04
5.78756658e-01	2.29941220e-03	1.07582740e-04
5.79376630e-01	2.24520450e-03	1.08075404e-04
5.79996603e-01	2.33930330e-03	1.07887814e-04
5.80616575e-01	2.34577860e-03	1.08568827e-04
5.81236548e-01	2.24083580e-03	1.08861574e-04
5.81856520e-01	2.27817190e-03	1.09419315e-04
5.82476493e-01	2.26731510e-03	1.09782985e-04
5.83096466e-01	2.29482360e-03	1.10423767e-04
5.83716438e-01	2.32083800e-03	1.10605911e-04
5.84336411e-01	2.24419730e-03	1.11414881e-04
5.84956383e-01	2.43123530e-03	1.12022377e-04
5.85576356e-01	2.36072690e-03	1.12311499e-04
5.86196328e-01	2.20745710e-03	1.11621952e-04
5.86816301e-01	2.38879280e-03	1.12776863e-04
5.87436273e-01	2.28469610e-03	1.12901495e-04
5.88056246e-01	2.31222600e-03	1.13396924e-04
5.88676218e-01	2.25848960e-03	1.13997226e-04
5.89296191e-01	2.18742080e-03	1.14783045e-04
5.89916164e-01	2.15831180e-03	1.15012664e-04
5.90536136e-01	2.21627830e-03	1.15778657e-04
5.91156109e-01	2.37206310e-03	1.17030773e-04
5.91776081e-01	2.31343780e-03	1.17401113e-04
5.92396054e-01	2.40268940e-03	1.17540042e-04
5.93016026e-01	2.31083300e-03	1.18026154e-04
5.93635999e-01	2.27637170e-03	1.18427791e-04
5.94255971e-01	2.29551260e-03	1.19080211e-04
5.94875944e-01	2.37584600e-03	1.19232511e-04
5.95495916e-01	2.34202500e-03	1.19524284e-04
5.96115889e-01	2.43560640e-03	1.20412259e-04
5.96735862e-01	2.07734840e-03	1.20250346e-04
5.97355834e-01	2.33542810e-03	1.21310002e-04
5.97975807e-01	2.41914550e-03	1.21810156e-04
5.98595779e-01	2.39674280e-03	1.21726502e-04
5.99215752e-01	2.34405530e-03	1.22543225e-04
5.99835724e-01	1.99949360e-03	1.23456996e-04
6.00455697e-01	1.97371090e-03	1.24985082e-04
6.01075669e-01	2.37574730e-03	1.25804152e-04
6.01695642e-01	2.26908770e-03	1.26115910e-04
6.02315615e-01	2.01583670e-03	1.27622097e-04
6.02935587e-01	2.26332650e-03	1.27302575e-04
6.03555560e-01	2.24079090e-03	1.29004850e-04
6.04175532e-01	2.40720770e-03	1.30320996e-04
6.04795505e-01	2.44740450e-03	1.29482312e-04
6.05415477e-01	2.32475880e-03	1.31230122e-04
6.06035450e-01	2.36296160e-03	1.32483049e-04
6.06655422e-01	2.17640210e-03	1.33693039e-04
6.07275395e-01	2.45049640e-03	1.35159266e-04
6.07895367e-01	2.02352320e-03	1.35845826e-04
6.08515340e-01	2.17736310e-03	1.38142469e-04
6.09135313e-01	1.99797040e-03	1.38746289e-04
6.09755285e-01	2.41148120e-03	1.41411298e-04
6.10375258e-01	2.31910790e-03	1.41407763e-04
6.10995230e-01	2.19266050e-03	1.42422804e-04
6.11615203e-01	2.65547870e-03	1.46891463e-04
6.12235175e-01	2.27373820e-03	1.44869419e-04
6.12855148e-01	2.30685870e-03	1.45966567e-04
6.13475120e-01	2.26028880e-03	1.47870017e-04
6.14095093e-01	2.34308150e-03	1.48333564e-04
6.14715065e-01	1.90043460e-03	1.50617259e-04
6.15335038e-01	2.14304670e-03	1.53994650e-04
6.15955011e-01	2.12411770e-03	1.57337821e-04
6.16574983e-01	1.99225650e-03	1.58867416e-04
6.17194956e-01	2.36131090e-03	1.61604959e-04
6.17814928e-01	2.06907200e-03	1.65984629e-04
6.18434901e-01	2.41595330e-03	1.73030554e-04
6.19054873e-01	2.66704770e-03	1.76996729e-04
6.19674846e-01	2.33283860e-03	1.82764458e-04
6.20294818e-01	2.19101110e-03	1.89536978e-04
6.20914791e-01	2.09933560e-03	1.97249177e-04
6.21534763e-01	2.15822810e-03	2.03971494e-04
6.22154736e-01	2.60620080e-03	2.11902256e-04
6.22774709e-01	1.85120810e-03	2.58872330e-04
6.23394681e-01	2.47036360e-03	3.14045843e-04
6.24014654e-01	1.58750030e-03	4.62410297e-04
6.24634626e-01	1.38518190e-03	8.49556263e-04
