5.28205225e-03	3.23895670e-01	3.97121053e-03
5.90202479e-03	2.15907710e-01	2.25059419e-03
6.52199734e-03	1.45022760e-01	1.72743091e-03
7.14196989e-03	9.39739520e-02	1.37897620e-03
7.76194243e-03	5.73860570e-02	1.08939514e-03
8.38191498e-03	4.03248290e-02	9.17569742e-04
9.00188753e-03	3.39358800e-02	7.96904004e-04
9.62186007e-03	3.33115010e-02	7.02399863e-04
1.02418326e-02	3.21677930e-02	6.25816959e-04
1.08618052e-02	3.43419320e-02	5.68572681e-04
1.14817777e-02	3.42053540e-02	5.12567019e-04
1.21017503e-02	3.04624000e-02	4.69069622e-04
1.27217228e-02	2.70473430e-02	4.46845667e-04
1.33416954e-02	2.35178970e-02	3.99611873e-04
1.39616679e-02	1.94163200e-02	3.75479369e-04
1.45816404e-02	1.49762750e-02	3.46840799e-04
1.52016130e-02	1.14967150e-02	3.22325424e-04
1.58215855e-02	8.94311400e-03	3.06475267e-04
1.64415581e-02	6.69324800e-03	2.89121044e-04
1.70615306e-02	4.86369200e-03	2.70381487e-04
1.76815032e-02	4.05024460e-03	2.62776704e-04
1.83014757e-02	3.08819860e-03	2.51153511e-04
1.89214483e-02	2.50031030e-03	2.36975575e-04
1.95414208e-02	2.12310190e-03	2.31229167e-04
2.01613934e-02	1.38127750e-03	2.24086427e-04
2.07813659e-02	1.29787990e-03	2.15683893e-04
2.14013385e-02	1.18728870e-03	2.09875242e-04
2.20213110e-02	6.47034300e-04	2.03186519e-04
2.26412835e-02	1.05136390e-03	1.98877362e-04
2.32612561e-02	1.12511730e-03	1.95876146e-04
2.38812286e-02	1.37401210e-03	1.90281104e-04
2.45012012e-02	1.41133070e-03	1.85705421e-04
2.51211737e-02	1.65999780e-03	1.83086807e-04
2.57411463e-02	2.28282330e-03	1.79018994e-04
2.63611188e-02	2.47907060e-03	1.76425896e-04
2.69810914e-02	3.11085190e-03	1.75135676e-04
2.76010639e-02	3.42572580e-03	1.71641262e-04
2.82210365e-02	3.84642710e-03	1.67681771e-04
2.88410090e-02	4.55818080e-03	1.68427701e-04
2.94609816e-02	5.24783510e-03	1.65976922e-04
3.00809541e-02	5.79915950e-03	1.62926560e-04
3.07009267e-02	6.97282320e-03	1.63055005e-04
3.13208992e-02	7.58394950e-03	1.60180409e-04
3.19408717e-02	8.19788500e-03	1.57849114e-04
3.25608443e-02	9.29227290e-03	1.59135098e-04
3.31808168e-02	1.01346016e-02	1.56532669e-04
3.38007894e-02	1.07443973e-02	1.56142375e-04
3.44207619e-02	1.17734094e-02	1.55919557e-04
3.50407345e-02	1.24165629e-02	1.56583942e-04
3.56607070e-02	1.30559843e-02	1.58934438e-04
3.62806796e-02	1.40895289e-02	1.60462301e-04
3.69006521e-02	1.49184201e-02	1.60378867e-04
3.75206247e-02	1.60395032e-02	1.60931251e-04
3.81405972e-02	1.70836214e-02	1.62225576e-04
3.87605698e-02	1.81805973e-02	1.62015336e-04
3.93805423e-02	1.95072947e-02	1.63490368e-04
4.00005149e-02	2.08857879e-02	1.64221598e-04
4.06204874e-02	2.21009937e-02	1.63043707e-04
4.12404599e-02	2.32996044e-02	1.65081799e-04
4.18604325e-02	2.41289884e-02	1.64725177e-04
4.24804050e-02	2.50959812e-02	1.63751239e-04
4.31003776e-02	2.61657877e-02	1.58656723e-04
4.37203501e-02	2.72619572e-02	1.58405746e-04
4.43403227e-02	2.83890402e-02	1.56173064e-04
4.49602952e-02	2.91698397e-02	1.54930981e-04
4.55802678e-02	3.06787572e-02	1.55560628e-04
4.62002403e-02	3.19512918e-02	1.52536258e-04
4.68202129e-02	3.28894583e-02	1.51924386e-04
4.74401854e-02	3.40415514e-02	1.52246180e-04
4.80601580e-02	3.55018612e-02	1.50295367e-04
4.86801305e-02	3.64208240e-02	1.50151804e-04
4.93001030e-02	3.81326853e-02	1.50234680e-04
4.99200756e-02	3.92479284e-02	1.48362746e-04
5.05400481e-02	4.04218646e-02	1.48384051e-04
5.11600207e-02	4.18783279e-02	1.49249375e-04
5.17799932e-02	4.27865797e-02	1.47517567e-04
5.23999658e-02	4.39727346e-02	1.47234275e-04
5.30199383e-02	4.53645030e-02	1.47788366e-04
5.36399109e-02	4.63590161e-02	1.46069990e-04
5.42598834e-02	4.74356873e-02	1.46040093e-04
5.48798560e-02	4.86284192e-02	1.46670659e-04
5.54998285e-02	4.98706250e-02	1.45251936e-04
5.61198011e-02	5.11427838e-02	1.47378674e-04
5.67397736e-02	5.21473039e-02	1.49770878e-04
5.73597462e-02	5.36229497e-02	1.51796202e-04
5.79797187e-02	5.51060850e-02	1.52790149e-04
5.85996912e-02	5.63157254e-02	1.53664461e-04
5.92196638e-02	5.76242624e-02	1.54494626e-04
5.98396363e-02	5.86885574e-02	1.54811102e-04
6.04596089e-02	5.99636990e-02	1.56981159e-04
6.10795814e-02	6.12574619e-02	1.57118331e-04
6.16995540e-02	6.24717198e-02	1.58737288e-04
6.23195265e-02	6.34331974e-02	1.57939698e-04
6.29394991e-02	6.46602881e-02	1.57784633e-04
6.35594716e-02	6.59876754e-02	1.59447062e-04
6.41794442e-02	6.66805494e-02	1.57651445e-04
6.47994167e-02	6.80779128e-02	1.54174339e-04
6.54193893e-02	6.92501811e-02	1.52863211e-04
6.60393618e-02	7.05038774e-02	1.52575620e-04
6.66593343e-02	7.16476287e-02	1.52396447e-04
6.72793069e-02	7.27566899e-02	1.51794807e-04
6.78992794e-02	7.40051041e-02	1.51350672e-04
6.85192520e-02	7.50942349e-02	1.50006231e-04
6.91392245e-02	7.65317480e-02	1.49412687e-04
6.97591971e-02	7.75545235e-02	1.50547791e-04
7.03791696e-02	7.84781877e-02	1.48619494e-04
7.09991422e-02	7.96409573e-02	1.48630291e-04
7.16191147e-02	8.06917681e-02	1.48856102e-04
7.22390873e-02	8.18193692e-02	1.48183627e-04
7.28590598e-02	8.27555788e-02	1.47834201e-04
7.34790324e-02	8.38893440e-02	1.47846373e-04
7.40990049e-02	8.52046024e-02	1.46771381e-04
7.47189775e-02	8.59682848e-02	1.46429675e-04
7.53389500e-02	8.69917342e-02	1.47402747e-04
7.59589225e-02	8.80481071e-02	1.45822852e-04
7.65788951e-02	8.91952094e-02	1.46136186e-04
7.71988676e-02	8.99708905e-02	1.46164698e-04
7.78188402e-02	9.09944268e-02	1.45730635e-04
7.84388127e-02	9.17786414e-02	1.45637414e-04
7.90587853e-02	9.29494900e-02	1.45379720e-04
7.96787578e-02	9.39548223e-02	1.47615258e-04
8.02987304e-02	9.46749168e-02	1.48433809e-04
8.09187029e-02	9.53302424e-02	1.50307690e-04
8.15386755e-02	9.63068312e-02	1.50475990e-04
8.21586480e-02	9.72269095e-02	1.50343995e-04
8.27786206e-02	9.79842357e-02	1.49289571e-04
8.33985931e-02	9.89471080e-02	1.47329518e-04
8.40185656e-02	9.98535510e-02	1.46499453e-04
8.46385382e-02	1.00297000e-01	1.46278511e-04
8.52585107e-02	1.01720491e-01	1.44768336e-04
8.58784833e-02	1.02218943e-01	1.44719627e-04
8.64984558e-02	1.02913260e-01	1.44647186e-04
8.71184284e-02	1.03769733e-01	1.43280244e-04
8.77384009e-02	1.04541395e-01	1.42840265e-04
8.83583735e-02	1.05327745e-01	1.43426101e-04
8.89783460e-02	1.05938325e-01	1.41879204e-04
8.95983186e-02	1.06662055e-01	1.40869134e-04
9.02182911e-02	1.07440032e-01	1.41617760e-04
9.08382637e-02	1.08145108e-01	1.40502166e-04
9.14582362e-02	1.08802701e-01	1.40596734e-04
9.20782088e-02	1.09336270e-01	1.41748916e-04
9.26981813e-02	1.10013606e-01	1.40127633e-04
9.33181538e-02	1.10423984e-01	1.39807477e-04
9.39381264e-02	1.11411139e-01	1.40601355e-04
9.45580989e-02	1.11606044e-01	1.39626881e-04
9.51780715e-02	1.12002868e-01	1.39554937e-04
9.57980440e-02	1.12893222e-01	1.39494243e-04
9.64180166e-02	1.13377648e-01	1.38254739e-04
9.70379891e-02	1.13790443e-01	1.37807439e-04
9.76579617e-02	1.14426672e-01	1.38041573e-04
9.82779342e-02	1.14536553e-01	1.37122104e-04
9.88979068e-02	1.18862428e-01	1.38797285e-04
9.95178793e-02	1.15587379e-01	1.36902901e-04
1.00137852e-01	1.16026362e-01	1.35550599e-04
1.00757824e-01	1.16596201e-01	1.35616129e-04
1.01377797e-01	1.17089556e-01	1.35674962e-04
1.01997769e-01	1.16995440e-01	1.34653685e-04
1.02617742e-01	1.17462124e-01	1.34421338e-04
1.03237715e-01	1.17801380e-01	1.34660473e-04
1.03857687e-01	1.18140641e-01	1.34145131e-04
1.04477660e-01	1.18299918e-01	1.34257443e-04
1.05097632e-01	1.18543933e-01	1.34594525e-04
1.05717605e-01	1.18748282e-01	1.33166176e-04
1.06337577e-01	1.18826576e-01	1.32907185e-04
1.06957550e-01	1.19141544e-01	1.32988010e-04
1.07577522e-01	1.19443135e-01	1.32338484e-04
1.08197495e-01	1.19392101e-01	1.32010824e-04
1.08817468e-01	1.19749071e-01	1.32102065e-04
1.09437440e-01	1.19670089e-01	1.30808834e-04
1.10057413e-01	1.19702746e-01	1.30498167e-04
1.10677385e-01	1.19972657e-01	1.31312867e-04
1.11297358e-01	1.20129381e-01	1.29935875e-04
1.11917330e-01	1.19879157e-01	1.29648850e-04
1.12537303e-01	1.20292695e-01	1.29755251e-04
1.13157275e-01	1.20236775e-01	1.28893461e-04
1.13777248e-01	1.20320539e-01	1.28614281e-04
1.14397220e-01	1.20326515e-01	1.29555870e-04
1.15017193e-01	1.20114148e-01	1.30352579e-04
1.15637166e-01	1.20428040e-01	1.30423495e-04
1.16257138e-01	1.20179855e-01	1.30851124e-04
1.16877111e-01	1.20017322e-01	1.30014551e-04
1.17497083e-01	1.20061846e-01	1.30785817e-04
1.18117056e-01	1.19637451e-01	1.31378730e-04
1.18737028e-01	1.19745143e-01	1.31353628e-04
1.19357001e-01	1.19634304e-01	1.30679295e-04
1.19976973e-01	1.19433493e-01	1.31477338e-04
1.20596946e-01	1.19207661e-01	1.31192918e-04
1.21216918e-01	1.19008260e-01	1.31290996e-04
1.21836891e-01	1.18710092e-01	1.31419371e-04
1.22456864e-01	1.18684770e-01	1.30518462e-04
1.23076836e-01	1.18028222e-01	1.30380112e-04
1.23696809e-01	1.17943691e-01	1.31080807e-04
1.24316781e-01	1.17686824e-01	1.30228830e-04
1.24936754e-01	1.17545615e-01	1.30412635e-04
1.25556726e-01	1.17201746e-01	1.30662465e-04
1.26176699e-01	1.17060131e-01	1.30057167e-04
1.26796671e-01	1.16458129e-01	1.29837142e-04
1.27416644e-01	1.16018102e-01	1.30622196e-04
1.28036616e-01	1.15720323e-01	1.29298658e-04
1.28656589e-01	1.15296050e-01	1.28946241e-04
1.29276562e-01	1.15005207e-01	1.29953821e-04
1.29896534e-01	1.14610055e-01	1.29184158e-04
1.30516507e-01	1.14231811e-01	1.28965605e-04
1.31136479e-01	1.13662782e-01	1.28931313e-04
1.31756452e-01	1.13100940e-01	1.28644457e-04
1.32376424e-01	1.12666673e-01	1.28557534e-04
1.32996397e-01	1.11967032e-01	1.28846716e-04
1.33616369e-01	1.11587357e-01	1.30354169e-04
1.34236342e-01	1.11297498e-01	1.31758969e-04
1.34856314e-01	1.10760819e-01	1.32206381e-04
1.35476287e-01	1.10135664e-01	1.33354977e-04
1.36096260e-01	1.09756513e-01	1.32434830e-04
1.36716232e-01	1.09122468e-01	1.33416599e-04
1.37336205e-01	1.08774919e-01	1.33464257e-04
1.37956177e-01	1.07941884e-01	1.32900592e-04
1.38576150e-01	1.07339669e-01	1.33291275e-04
1.39196122e-01	1.06692876e-01	1.32404889e-04
1.39816095e-01	1.05931859e-01	1.32511105e-04
1.40436067e-01	1.05635205e-01	1.32756443e-04
1.41056040e-01	1.04982142e-01	1.30806075e-04
1.41676012e-01	1.04026423e-01	1.29477548e-04
1.42295985e-01	1.03394562e-01	1.28595045e-04
1.42915958e-01	1.02695525e-01	1.27156179e-04
1.43535930e-01	1.02166525e-01	1.27839780e-04
1.44155903e-01	1.01506380e-01	1.27213719e-04
1.44775875e-01	1.00817964e-01	1.25588968e-04
1.45395848e-01	1.00056422e-01	1.25839035e-04
1.46015820e-01	9.91638471e-02	1.25385235e-04
1.46635793e-01	9.86489338e-02	1.23971196e-04
1.47255765e-01	9.77568762e-02	1.23960738e-04
1.47875738e-01	9.72414619e-02	1.24036433e-04
1.48495710e-01	9.64648161e-02	1.23568354e-04
1.49115683e-01	9.54737623e-02	1.24448056e-04
1.49735656e-01	9.48959763e-02	1.23737086e-04
1.50355628e-01	9.43236290e-02	1.23097474e-04
1.50975601e-01	9.36059892e-02	1.23628968e-04
1.51595573e-01	9.24603736e-02	1.23088890e-04
1.52215546e-01	9.20776172e-02	1.22583947e-04
1.52835518e-01	9.11507165e-02	1.22494540e-04
1.53455491e-01	9.01953009e-02	1.22032293e-04
1.54075463e-01	8.93736211e-02	1.21671946e-04
1.54695436e-01	8.87270776e-02	1.23666788e-04
1.55315408e-01	8.76918197e-02	1.24078034e-04
1.55935381e-01	8.69316506e-02	1.25033930e-04
1.56555354e-01	8.61456881e-02	1.25796050e-04
1.57175326e-01	8.55199460e-02	1.25178501e-04
1.57795299e-01	8.45444864e-02	1.26228353e-04
1.58415271e-01	8.36375708e-02	1.26603060e-04
1.59035244e-01	8.28576149e-02	1.25863907e-04
1.59655216e-01	8.22454521e-02	1.26670845e-04
1.60275189e-01	8.13687835e-02	1.27438237e-04
1.60895161e-01	8.02762632e-02	1.25636638e-04
1.61515134e-01	7.97569459e-02	1.26585976e-04
1.62135107e-01	7.84277810e-02	1.26958036e-04
1.62755079e-01	7.79365774e-02	1.24482021e-04
1.63375052e-01	7.68274378e-02	1.22458821e-04
1.63995024e-01	7.61721097e-02	1.22696083e-04
1.64614997e-01	7.51288590e-02	1.20733692e-04
1.65234969e-01	7.42908122e-02	1.19893809e-04
1.65854942e-01	7.34787108e-02	1.20509614e-04
1.66474914e-01	7.25932432e-02	1.18878831e-04
1.67094887e-01	7.16571767e-02	1.17714428e-04
1.67714859e-01	7.09812503e-02	1.18250851e-04
1.68334832e-01	6.97737969e-02	1.17430493e-04
1.68954805e-01	6.91931119e-02	1.16149791e-04
1.69574777e-01	6.82745499e-02	1.16364988e-04
1.70194750e-01	6.73305381e-02	1.15445778e-04
1.70814722e-01	6.64751828e-02	1.15114017e-04
1.71434695e-01	6.57700664e-02	1.15773065e-04
1.72054667e-01	6.49917942e-02	1.13956742e-04
1.72674640e-01	6.37844179e-02	1.12828170e-04
1.73294612e-01	6.31377924e-02	1.13694258e-04
1.73914585e-01	6.21782389e-02	1.12633673e-04
1.74534557e-01	6.13678139e-02	1.11546919e-04
1.75154530e-01	6.07462350e-02	1.12224896e-04
1.75774503e-01	5.99784689e-02	1.10700466e-04
1.76394475e-01	5.90542715e-02	1.10273152e-04
1.77014448e-01	5.78949858e-02	1.10949046e-04
1.77634420e-01	5.71718258e-02	1.09193481e-04
1.78254393e-01	5.63184149e-02	1.08976867e-04
1.78874365e-01	5.55139900e-02	1.08983399e-04
1.79494338e-01	5.45869926e-02	1.08356138e-04
1.80114310e-01	5.38705509e-02	1.07178775e-04
1.80734283e-01	5.30561646e-02	1.08133354e-04
1.81354255e-01	5.23874436e-02	1.06903486e-04
1.81974228e-01	5.16568199e-02	1.06932425e-04
1.82594201e-01	5.07945158e-02	1.07282394e-04
1.83214173e-01	4.97302047e-02	1.05751003e-04
1.83834146e-01	4.91617600e-02	1.04988846e-04
1.84454118e-01	4.81232664e-02	1.05980496e-04
1.85074091e-01	4.72403558e-02	1.04586987e-04
1.85694063e-01	4.68235661e-02	1.03621528e-04
1.86314036e-01	4.58158440e-02	1.04269206e-04
1.86934008e-01	4.52344957e-02	1.03646895e-04
1.87553981e-01	4.44899175e-02	1.02871164e-04
1.88173953e-01	4.32938772e-02	1.03418351e-04
1.88793926e-01	4.28811650e-02	1.01760001e-04
1.89413899e-01	4.20776600e-02	1.01547364e-04
1.90033871e-01	4.11452753e-02	1.01963782e-04
1.90653844e-01	4.05012587e-02	1.00911726e-04
1.91273816e-01	3.99326028e-02	1.00059198e-04
1.91893789e-01	3.89391446e-02	1.00788505e-04
1.92513761e-01	3.83945998e-02	9.96674724e-05
1.93133734e-01	3.74754485e-02	9.90062920e-05
1.93753706e-01	3.68101415e-02	9.95197792e-05
1.94373679e-01	3.63138659e-02	9.88531267e-05
1.94993651e-01	3.55933069e-02	9.79917858e-05
1.95613624e-01	3.48664137e-02	9.83709493e-05
1.96233597e-01	3.40163874e-02	9.74557054e-05
1.96853569e-01	3.34554568e-02	9.67543068e-05
1.97473542e-01	3.26905956e-02	9.72536422e-05
1.98093514e-01	3.20607056e-02	9.63530177e-05
1.98713487e-01	3.13446798e-02	9.60223501e-05
1.99333459e-01	3.06361921e-02	9.62944144e-05
1.99953432e-01	3.00850156e-02	9.49904191e-05
2.00573404e-01	2.96537186e-02	9.51119196e-05
2.01193377e-01	2.89102883e-02	9.49798277e-05
2.01813349e-01	2.82291354e-02	9.45526323e-05
2.02433322e-01	2.75670091e-02	9.35993260e-05
2.03053295e-01	2.70267248e-02	9.42104071e-05
2.03673267e-01	2.65511154e-02	9.32082653e-05
2.04293240e-01	2.57406397e-02	9.31957969e-05
2.04913212e-01	2.52915155e-02	9.30202720e-05
2.05533185e-01	2.47305541e-02	9.19486985e-05
2.06153157e-01	2.40281893e-02	9.16518986e-05
2.06773130e-01	2.34637412e-02	9.17613552e-05
2.07393102e-01	2.29918300e-02	9.10634170e-05
2.08013075e-01	2.23997411e-02	9.09098024e-05
2.08633047e-01	2.18475494e-02	9.09389289e-05
2.09253020e-01	2.13419255e-02	9.04005785e-05
2.09872993e-01	2.09467776e-02	9.03164883e-05
2.10492965e-01	2.02635345e-02	9.01160863e-05
2.11112938e-01	1.98937292e-02	8.92491245e-05
2.11732910e-01	1.91758386e-02	8.92446561e-05
2.12352883e-01	1.88439508e-02	8.88532358e-05
2.12972855e-01	1.84950378e-02	8.88088126e-05
2.13592828e-01	1.78722654e-02	8.81588770e-05
2.14212800e-01	1.75680204e-02	8.84676735e-05
2.14832773e-01	1.67040721e-02	8.72814367e-05
2.15452746e-01	1.65227739e-02	8.76418060e-05
2.16072718e-01	1.60128163e-02	8.73473322e-05
2.16692691e-01	1.57542316e-02	8.63253922e-05
2.17312663e-01	1.51082259e-02	8.62409732e-05
2.17932636e-01	1.47596649e-02	8.63977984e-05
2.18552608e-01	1.44074253e-02	8.52194791e-05
2.19172581e-01	1.39462393e-02	8.54540568e-05
2.19792553e-01	1.35059945e-02	8.54420250e-05
2.20412526e-01	1.30612975e-02	8.47065712e-05
2.21032498e-01	1.27674900e-02	8.46876563e-05
2.21652471e-01	1.23186881e-02	8.49155669e-05
2.22272444e-01	1.20018920e-02	8.36454798e-05
2.22892416e-01	1.17038728e-02	8.41441856e-05
2.23512389e-01	1.13619630e-02	8.40974147e-05
2.24132361e-01	1.09304824e-02	8.30747542e-05
2.24752334e-01	1.06538378e-02	8.35556800e-05
2.25372306e-01	1.02299502e-02	8.35101911e-05
2.25992279e-01	1.00170722e-02	8.28937859e-05
2.26612251e-01	9.79876170e-03	8.30477563e-05
2.27232224e-01	9.45017450e-03	8.26813881e-05
2.27852196e-01	9.00024920e-03	8.21861085e-05
2.28472169e-01	8.85811680e-03	8.22046905e-05
2.29092142e-01	8.45193850e-03	8.22958175e-05
2.29712114e-01	8.31050220e-03	8.13932174e-05
2.30332087e-01	8.16147980e-03	8.16772914e-05
2.30952059e-01	7.83135410e-03	8.19521284e-05
2.31572032e-01	7.58650840e-03	8.12282966e-05
2.32192004e-01	7.23225240e-03	8.12215586e-05
2.32811977e-01	6.82831140e-03	8.12687704e-05
2.33431949e-01	6.84778290e-03	8.04903986e-05
2.34051922e-01	6.49978050e-03	8.07298597e-05
2.34671894e-01	6.41418700e-03	8.05761863e-05
2.35291867e-01	6.15808310e-03	8.00813170e-05
2.35911840e-01	5.92030760e-03	8.05566282e-05
2.36531812e-01	5.81480620e-03	8.01609603e-05
2.37151785e-01	5.48576420e-03	7.99401580e-05
2.37771757e-01	5.31312190e-03	8.01842650e-05
2.38391730e-01	5.14990340e-03	7.97925777e-05
2.39011702e-01	5.13732360e-03	7.92518749e-05
2.39631675e-01	4.85332240e-03	7.96578536e-05
2.40251647e-01	4.69592390e-03	7.91358460e-05
2.40871620e-01	4.36141960e-03	7.86561998e-05
2.41491592e-01	4.46154550e-03	7.94476384e-05
2.42111565e-01	4.30065100e-03	7.92008584e-05
2.42731538e-01	4.21278880e-03	7.86319261e-05
2.43351510e-01	3.93358240e-03	7.90936153e-05
2.43971483e-01	3.75641800e-03	7.87178790e-05
2.44591455e-01	3.64944120e-03	7.80805426e-05
2.45211428e-01	3.47642500e-03	7.84924517e-05
2.45831400e-01	3.53322830e-03	7.83175783e-05
2.46451373e-01	3.38111020e-03	7.80245822e-05
2.47071345e-01	3.27279380e-03	7.80450194e-05
2.47691318e-01	3.09153280e-03	7.81864994e-05
2.48311290e-01	3.02727780e-03	7.78520244e-05
2.48931263e-01	3.05760410e-03	7.80921220e-05
2.49551236e-01	2.93496520e-03	7.79643906e-05
2.50171208e-01	2.72617170e-03	7.71760547e-05
2.50791181e-01	2.76344100e-03	7.77433567e-05
2.51411153e-01	2.80132040e-03	7.75258820e-05
2.52031126e-01	2.60844490e-03	7.72656253e-05
2.52651098e-01	2.53454150e-03	7.76159924e-05
2.53271071e-01	2.18651120e-03	7.83135259e-05
2.53891043e-01	2.41982970e-03	7.94548311e-05
2.54511016e-01	2.35355970e-03	8.04460499e-05
2.55130988e-01	2.28629650e-03	8.06182771e-05
2.55750961e-01	2.34064020e-03	8.11118575e-05
2.56370934e-01	2.20668450e-03	8.17223539e-05
2.56990906e-01	2.18382010e-03	8.14678689e-05
2.57610879e-01	2.16410670e-03	8.23183751e-05
2.58230851e-01	2.21763980e-03	8.30669206e-05
2.58850824e-01	2.25722050e-03	8.28427932e-05
2.59470796e-01	2.13264520e-03	8.35860389e-05
2.60090769e-01	2.08949440e-03	8.39391605e-05
2.60710741e-01	2.04233350e-03	8.36860243e-05
2.61330714e-01	2.11193650e-03	8.18796146e-05
2.61950686e-01	2.08156980e-03	8.16147958e-05
2.62570659e-01	2.01163000e-03	8.09104982e-05
2.63190632e-01	2.01895650e-03	8.05056521e-05
2.63810604e-01	2.07648480e-03	8.05247319e-05
2.64430577e-01	2.21125210e-03	8.02219380e-05
2.65050549e-01	1.87997370e-03	7.95232186e-05
2.65670522e-01	2.15503580e-03	8.01898023e-05
2.66290494e-01	1.96290110e-03	7.92778107e-05
2.66910467e-01	2.07448550e-03	7.88983787e-05
2.67530439e-01	2.05520110e-03	7.90547932e-05
2.68150412e-01	2.08965190e-03	7.90400827e-05
2.68770384e-01	2.06081200e-03	7.85799472e-05
2.69390357e-01	2.07578010e-03	7.90092554e-05
2.70010330e-01	2.21100000e-03	7.88070100e-05
2.70630302e-01	2.25589240e-03	7.84781524e-05
2.71250275e-01	2.17053710e-03	7.88312574e-05
2.71870247e-01	2.25429790e-03	7.84912259e-05
2.72490220e-01	2.22775510e-03	7.79577915e-05
2.73110192e-01	2.40731000e-03	7.90010346e-05
2.73730165e-01	2.33583340e-03	7.81100682e-05
2.74350137e-01	2.40133810e-03	7.80832934e-05
2.74970110e-01	2.39236730e-03	7.86066361e-05
2.75590083e-01	2.34144130e-03	7.83916274e-05
2.76210055e-01	2.48127410e-03	7.79820694e-05
2.76830028e-01	2.52158830e-03	7.88618195e-05
2.77450000e-01	2.47744690e-03	7.78554303e-05
2.78069973e-01	2.55577860e-03	7.77661645e-05
2.78689945e-01	2.63494840e-03	7.83775042e-05
2.79309918e-01	2.78231300e-03	7.79214440e-05
2.79929890e-01	2.83557980e-03	7.76976230e-05
2.80549863e-01	2.78891650e-03	7.82154369e-05
2.81169835e-01	2.77108530e-03	7.77980715e-05
2.81789808e-01	2.85059130e-03	7.78471193e-05
2.82409781e-01	2.91119880e-03	7.85000451e-05
2.83029753e-01	2.86614160e-03	7.76394248e-05
2.83649726e-01	2.93358660e-03	7.73309767e-05
2.84269698e-01	3.08613070e-03	7.79635064e-05
2.84889671e-01	3.12097810e-03	7.75630871e-05
2.85509643e-01	3.08704870e-03	7.73971929e-05
2.86129616e-01	3.14906150e-03	7.79844173e-05
2.86749588e-01	3.30526500e-03	7.74751294e-05
2.87369561e-01	3.30511000e-03	7.71959586e-05
2.87989533e-01	3.28335440e-03	7.81303199e-05
2.88609506e-01	3.19975660e-03	7.74760721e-05
2.89229479e-01	3.29963790e-03	7.71211850e-05
2.89849451e-01	3.38276470e-03	7.75431106e-05
2.90469424e-01	3.51646720e-03	7.72665710e-05
2.91089396e-01	3.53965080e-03	7.70694388e-05
2.91709369e-01	3.59436980e-03	7.76438437e-05
2.92329341e-01	3.43203650e-03	7.75352385e-05
2.92949314e-01	3.63263640e-03	7.68511088e-05
2.93569286e-01	3.60611760e-03	7.77047750e-05
2.94189259e-01	3.62648400e-03	7.68819928e-05
2.94809231e-01	3.78444700e-03	7.67302764e-05
2.95429204e-01	3.89092520e-03	7.72462958e-05
2.96049177e-01	3.80898990e-03	7.66385074e-05
2.96669149e-01	3.79203600e-03	7.64595138e-05
2.97289122e-01	3.90115760e-03	7.68862831e-05
2.97909094e-01	3.94799820e-03	7.66062376e-05
2.98529067e-01	3.99211150e-03	7.63097398e-05
2.99149039e-01	4.06140180e-03	7.68119790e-05
2.99769012e-01	3.89301810e-03	7.60573225e-05
3.00388984e-01	4.08512230e-03	7.61687589e-05
3.01008957e-01	4.08406880e-03	7.65547206e-05
3.01628929e-01	4.12689190e-03	7.59293909e-05
3.02248902e-01	4.29040230e-03	7.63524589e-05
3.02868875e-01	3.98269390e-03	7.63996357e-05
3.03488847e-01	4.31441690e-03	7.63251605e-05
3.04108820e-01	4.26267250e-03	7.60970053e-05
3.04728792e-01	4.30620610e-03	7.67152089e-05
3.05348765e-01	4.30438280e-03	7.58801456e-05
3.05968737e-01	4.29230250e-03	7.60920862e-05
3.06588710e-01	4.46339870e-03	7.66241536e-05
3.07208682e-01	4.28331830e-03	7.59288108e-05
3.07828655e-01	4.48574920e-03	7.61081158e-05
3.08448627e-01	4.42490070e-03	7.63854253e-05
3.09068600e-01	4.53879860e-03	7.77865785e-05
3.09688573e-01	4.50750750e-03	7.85559390e-05
3.10308545e-01	4.52688910e-03	7.96794568e-05
3.10928518e-01	4.51002650e-03	7.97525187e-05
3.11548490e-01	4.44803400e-03	7.95267396e-05
3.12168463e-01	4.44688540e-03	7.87432911e-05
3.12788435e-01	4.75851230e-03	7.76151883e-05
3.13408408e-01	4.60038060e-03	7.78080153e-05
3.14028380e-01	4.55162740e-03	7.78435855e-05
3.14648353e-01	4.59979490e-03	7.69856640e-05
3.15268325e-01	4.47578100e-03	7.68528691e-05
3.15888298e-01	4.60625550e-03	7.74088443e-05
3.16508271e-01	4.59083100e-03	7.67090810e-05
3.17128243e-01	4.69770350e-03	7.69875017e-05
3.17748216e-01	4.64994040e-03	7.70744834e-05
3.18368188e-01	4.66773970e-03	7.67459994e-05
3.18988161e-01	4.65010450e-03	7.67860043e-05
3.19608133e-01	4.69916170e-03	7.72947966e-05
3.20228106e-01	4.68227420e-03	7.68700856e-05
3.20848078e-01	4.76007650e-03	7.71045447e-05
3.21468051e-01	4.58533770e-03	7.70765626e-05
3.22088023e-01	4.74552630e-03	7.67856704e-05
3.22707996e-01	4.70399370e-03	7.68017457e-05
3.23327969e-01	4.55906740e-03	7.68729847e-05
3.23947941e-01	4.68890540e-03	7.67834107e-05
3.24567914e-01	4.84211710e-03	7.70439968e-05
3.25187886e-01	4.64675510e-03	7.68179357e-05
3.25807859e-01	4.64244420e-03	7.64738942e-05
3.26427831e-01	4.55699770e-03	7.70446899e-05
3.27047804e-01	4.58031910e-03	7.69056254e-05
3.27667776e-01	4.66401110e-03	7.67733442e-05
3.28287749e-01	4.55269950e-03	7.67219971e-05
3.28907722e-01	4.58833680e-03	7.67924761e-05
3.29527694e-01	4.49537260e-03	7.65836092e-05
3.30147667e-01	4.71075270e-03	7.69942460e-05
3.30767639e-01	4.50164830e-03	7.67957102e-05
3.31387612e-01	4.54120220e-03	7.66339119e-05
3.32007584e-01	4.48912390e-03	7.69359849e-05
3.32627557e-01	4.59838620e-03	7.70364605e-05
3.33247529e-01	4.54245910e-03	7.72247906e-05
3.33867502e-01	4.46154350e-03	7.78501253e-05
3.34487474e-01	4.38547090e-03	7.77049009e-05
3.35107447e-01	4.39648210e-03	7.78623892e-05
3.35727420e-01	4.38181210e-03	7.84861164e-05
3.36347392e-01	4.35964400e-03	7.83470230e-05
3.36967365e-01	4.34525130e-03	7.82543237e-05
3.37587337e-01	4.23995530e-03	7.85579957e-05
3.38207310e-01	4.23971640e-03	7.80212399e-05
3.38827282e-01	4.29046390e-03	7.81790106e-05
3.39447255e-01	4.35623570e-03	7.79362649e-05
3.40067227e-01	4.38672190e-03	7.77643343e-05
3.40687200e-01	4.25647990e-03	7.75452668e-05
3.41307172e-01	4.18995520e-03	7.80372178e-05
3.41927145e-01	4.07128000e-03	7.75985062e-05
3.42547118e-01	4.13682910e-03	7.74327277e-05
3.43167090e-01	4.14474110e-03	7.79464645e-05
3.43787063e-01	4.07731480e-03	7.75200028e-05
3.44407035e-01	3.97847140e-03	7.75395882e-05
3.45027008e-01	4.01376220e-03	7.78076839e-05
3.45646980e-01	3.96616220e-03	7.72820578e-05
3.46266953e-01	3.89929650e-03	7.69937654e-05
3.46886925e-01	3.92718440e-03	7.73883193e-05
3.47506898e-01	3.91228440e-03	7.70354613e-05
3.48126870e-01	3.96704140e-03	7.69326521e-05
3.48746843e-01	3.77288320e-03	7.75156225e-05
3.49366816e-01	3.75904340e-03	7.69839602e-05
3.49986788e-01	3.75979060e-03	7.69955371e-05
3.50606761e-01	3.64953100e-03	7.78316173e-05
3.51226733e-01	3.62370300e-03	7.73268523e-05
3.51846706e-01	3.79731960e-03	7.95586212e-05
3.52466678e-01	3.63829160e-03	8.04482596e-05
3.53086651e-01	3.65776790e-03	8.04761150e-05
3.53706623e-01	3.53479190e-03	8.17450361e-05
3.54326596e-01	3.59939880e-03	8.28190743e-05
3.54946568e-01	3.46757320e-03	8.27525889e-05
3.55566541e-01	3.44115500e-03	8.34508378e-05
3.56186514e-01	3.38197770e-03	8.39636433e-05
3.56806486e-01	3.30127540e-03	8.38814875e-05
3.57426459e-01	3.32683030e-03	8.49689785e-05
3.58046431e-01	3.24319670e-03	8.54552732e-05
3.58666404e-01	3.28495810e-03	8.51159168e-05
3.59286376e-01	3.40577990e-03	8.51666249e-05
3.59906349e-01	3.24154130e-03	8.39761345e-05
3.60526321e-01	3.33421930e-03	8.27762493e-05
3.61146294e-01	3.08876190e-03	8.17695543e-05
3.61766266e-01	3.12490780e-03	8.24094048e-05
3.62386239e-01	3.05152550e-03	8.10997929e-05
3.63006212e-01	3.02684760e-03	8.09510695e-05
3.63626184e-01	3.15785710e-03	8.13537759e-05
3.64246157e-01	2.99641230e-03	8.07140043e-05
3.64866129e-01	2.89959150e-03	8.05798519e-05
3.65486102e-01	3.08926390e-03	8.13593426e-05
3.66106074e-01	2.84861630e-03	7.97934030e-05
3.66726047e-01	2.86398730e-03	8.03251460e-05
3.67346019e-01	3.06517760e-03	8.05849723e-05
3.67965992e-01	2.87272230e-03	7.99378426e-05
3.68585964e-01	2.81724020e-03	8.01597808e-05
3.69205937e-01	2.90796380e-03	8.06550434e-05
3.69825910e-01	2.71986580e-03	7.94014026e-05
3.70445882e-01	2.60584410e-03	7.98697850e-05
3.71065855e-01	2.67145790e-03	8.03156188e-05
3.71685827e-01	2.63294290e-03	7.95475536e-05
3.72305800e-01	2.68008310e-03	7.97996145e-05
3.72925772e-01	2.56526890e-03	8.01490622e-05
3.73545745e-01	2.48169810e-03	7.92102036e-05
3.74165717e-01	2.46675810e-03	7.95107244e-05
3.74785690e-01	2.65083390e-03	7.96101990e-05
3.75405662e-01	2.32384450e-03	7.87118829e-05
3.76025635e-01	2.45378780e-03	7.93847856e-05
3.76645608e-01	2.40727480e-03	7.89731956e-05
3.77265580e-01	2.24993460e-03	7.83440084e-05
3.77885553e-01	2.41289400e-03	7.88365522e-05
3.78505525e-01	2.33276240e-03	7.89820658e-05
3.79125498e-01	2.21053730e-03	7.79548783e-05
3.79745470e-01	2.37311120e-03	7.84139727e-05
3.80365443e-01	2.34172950e-03	7.79855398e-05
3.80985415e-01	2.22819970e-03	7.79263352e-05
3.81605388e-01	2.26507410e-03	7.81764897e-05
3.82225361e-01	2.16019650e-03	7.85675672e-05
3.82845333e-01	2.19355600e-03	7.77938239e-05
3.83465306e-01	2.20825560e-03	7.82046041e-05
3.84085278e-01	2.18601430e-03	7.82709233e-05
3.84705251e-01	2.09685900e-03	7.78535945e-05
3.85325223e-01	2.17008400e-03	7.82809446e-05
3.85945196e-01	2.12322000e-03	7.81186954e-05
3.86565168e-01	2.00101300e-03	7.77325464e-05
3.87185141e-01	2.04739740e-03	7.81577720e-05
3.87805113e-01	1.90516050e-03	7.79135589e-05
3.88425086e-01	2.01934550e-03	7.77630873e-05
3.89045059e-01	1.97383760e-03	7.83047492e-05
3.89665031e-01	1.92801600e-03	7.81347062e-05
3.90285004e-01	1.81795850e-03	7.77725500e-05
3.90904976e-01	1.90074760e-03	7.79949077e-05
3.91524949e-01	1.94306180e-03	7.80722403e-05
3.92144921e-01	2.03875840e-03	7.75442735e-05
3.92764894e-01	1.89907260e-03	7.81873514e-05
3.93384866e-01	1.93866550e-03	7.78523741e-05
3.94004839e-01	1.89971610e-03	7.76672564e-05
3.94624811e-01	1.96724720e-03	7.82530675e-05
3.95244784e-01	1.81772420e-03	7.77437631e-05
3.95864757e-01	1.77066660e-03	7.74380089e-05
3.96484729e-01	1.78202000e-03	7.82781016e-05
3.97104702e-01	1.66588620e-03	7.77415108e-05
3.97724674e-01	1.87249290e-03	7.72621470e-05
3.98344647e-01	1.72208360e-03	7.79423521e-05
3.98964619e-01	1.81139500e-03	7.76378086e-05
3.99584592e-01	1.82751810e-03	7.73800844e-05
4.00204564e-01	1.83623340e-03	7.80348760e-05
4.00824537e-01	1.84600640e-03	7.73043442e-05
4.01444509e-01	1.65725330e-03	7.70606898e-05
4.02064482e-01	1.86345960e-03	7.77007723e-05
4.02684455e-01	1.70733140e-03	7.73774338e-05
4.03304427e-01	1.73215560e-03	7.67888570e-05
4.03924400e-01	1.75408200e-03	7.79095324e-05
4.04544372e-01	1.70011750e-03	7.71027248e-05
4.05164345e-01	1.53454930e-03	7.71501104e-05
4.05784317e-01	1.66105790e-03	7.78951879e-05
4.06404290e-01	1.77203570e-03	7.75602301e-05
4.07024262e-01	1.68237480e-03	7.73208237e-05
4.07644235e-01	1.76596400e-03	7.80634267e-05
4.08264207e-01	1.77432110e-03	7.74489304e-05
4.08884180e-01	1.81852390e-03	7.73635427e-05
4.09504153e-01	1.74081850e-03	7.77153710e-05
4.10124125e-01	1.74138030e-03	7.73864589e-05
4.10744098e-01	1.73856670e-03	7.75044132e-05
4.11364070e-01	1.60762560e-03	7.79386369e-05
4.11984043e-01	1.68224150e-03	7.72278002e-05
4.12604015e-01	1.70261930e-03	7.75118437e-05
4.13223988e-01	1.78803850e-03	7.80314959e-05
4.13843960e-01	1.75615550e-03	7.72531677e-05
4.14463933e-01	1.85794220e-03	7.75896599e-05
4.15083905e-01	1.84000580e-03	7.76248938e-05
4.15703878e-01	1.64159390e-03	7.72196591e-05
4.16323851e-01	1.78307700e-03	7.74057035e-05
4.16943823e-01	1.68457320e-03	7.78683694e-05
4.17563796e-01	1.71161050e-03	7.71313960e-05
4.18183768e-01	1.78093870e-03	7.77739347e-05
4.18803741e-01	1.67248940e-03	7.76991621e-05
4.19423713e-01	1.65517630e-03	7.70611459e-05
4.20043686e-01	1.76451370e-03	7.73844045e-05
4.20663658e-01	1.73617440e-03	7.78357689e-05
4.21283631e-01	1.80228020e-03	7.72536825e-05
4.21903603e-01	1.79181550e-03	7.75028086e-05
4.22523576e-01	1.78774210e-03	7.73178630e-05
4.23143549e-01	1.87569220e-03	7.74132516e-05
4.23763521e-01	1.88797080e-03	7.76760781e-05
4.24383494e-01	1.65538300e-03	7.77103369e-05
4.25003466e-01	1.79326210e-03	7.72126340e-05
4.25623439e-01	1.81485010e-03	7.74880546e-05
4.26243411e-01	1.83323090e-03	7.74531893e-05
4.26863384e-01	1.95525640e-03	7.72986200e-05
4.27483356e-01	1.81554390e-03	7.77032935e-05
4.28103329e-01	1.91953810e-03	7.73226922e-05
4.28723301e-01	1.91351900e-03	7.73395050e-05
4.29343274e-01	1.92229650e-03	7.76735382e-05
4.29963247e-01	1.94888150e-03	7.74646069e-05
4.30583219e-01	1.91330220e-03	7.73654347e-05
4.31203192e-01	1.86023810e-03	7.75234844e-05
4.31823164e-01	1.77982850e-03	7.75822058e-05
4.32443137e-01	1.91231160e-03	7.71396253e-05
4.33063109e-01	1.91204550e-03	7.76439344e-05
4.33683082e-01	1.88913610e-03	7.73392606e-05
4.34303054e-01	1.87766160e-03	7.70406598e-05
4.34923027e-01	2.03568360e-03	7.79687511e-05
4.35543000e-01	2.02916600e-03	7.75804523e-05
4.36162972e-01	2.13184200e-03	7.72867229e-05
4.36782945e-01	2.07263830e-03	7.75336445e-05
4.37402917e-01	1.99571430e-03	7.74343529e-05
4.38022890e-01	1.92255470e-03	7.69762740e-05
4.38642862e-01	1.98610490e-03	7.78419233e-05
4.39262835e-01	2.15620970e-03	7.74205873e-05
4.39882807e-01	1.91150850e-03	7.71140396e-05
4.40502780e-01	2.14150540e-03	7.75850890e-05
4.41122752e-01	2.13521890e-03	7.75367522e-05
4.41742725e-01	2.00568250e-03	7.71947346e-05
4.42362698e-01	2.07966790e-03	7.79736843e-05
4.42982670e-01	2.10745420e-03	7.72781436e-05
4.43602643e-01	2.02104640e-03	7.69822491e-05
4.44222615e-01	2.22356160e-03	7.77569420e-05
4.44842588e-01	2.17909160e-03	7.74775969e-05
4.45462560e-01	2.11945090e-03	7.70277147e-05
4.46082533e-01	2.11466050e-03	7.78786105e-05
4.46702505e-01	2.22748540e-03	7.73591346e-05
4.47322478e-01	2.39615800e-03	7.72815670e-05
4.47942450e-01	2.12740970e-03	7.80264301e-05
4.48562423e-01	2.19366050e-03	7.71146772e-05
4.49182396e-01	2.23780360e-03	7.72813667e-05
4.49802368e-01	2.25790310e-03	7.90837832e-05
4.50422341e-01	2.18395720e-03	7.98995251e-05
4.51042313e-01	2.16852230e-03	8.11515482e-05
4.51662286e-01	2.18079260e-03	8.19658525e-05
4.52282258e-01	2.28017320e-03	8.18445684e-05
4.52902231e-01	2.25558400e-03	8.31595153e-05
4.53522203e-01	2.03516800e-03	8.32754970e-05
4.54142176e-01	2.20302450e-03	8.26906237e-05
4.54762148e-01	2.19438460e-03	8.31325556e-05
4.55382121e-01	2.14896760e-03	8.35003673e-05
4.56002094e-01	2.38482860e-03	8.36036528e-05
4.56622066e-01	2.33157070e-03	8.44044041e-05
4.57242039e-01	2.29973060e-03	8.38486429e-05
4.57862011e-01	2.45737920e-03	8.14298004e-05
4.58481984e-01	2.39204330e-03	8.07960372e-05
4.59101956e-01	2.31443990e-03	8.08375243e-05
4.59721929e-01	2.36105680e-03	8.04903824e-05
4.60341901e-01	2.34495920e-03	8.01886924e-05
4.60961874e-01	2.24452200e-03	8.03637743e-05
4.61581846e-01	2.28839740e-03	7.96527522e-05
4.62201819e-01	2.45776400e-03	8.02541132e-05
4.62821792e-01	2.40721380e-03	8.02530746e-05
4.63441764e-01	2.34931970e-03	7.94641995e-05
4.64061737e-01	2.40842570e-03	8.02420159e-05
4.64681709e-01	2.26871270e-03	8.01711091e-05
4.65301682e-01	2.49285270e-03	8.01440855e-05
4.65921654e-01	2.35411030e-03	8.01355887e-05
4.66541627e-01	2.45046390e-03	8.01294376e-05
4.67161599e-01	2.48449070e-03	7.99983367e-05
4.67781572e-01	2.37804760e-03	8.01292447e-05
4.68401544e-01	2.56054650e-03	8.01008801e-05
4.69021517e-01	2.35041990e-03	7.95782557e-05
4.69641490e-01	2.75405000e-03	8.31470749e-05
4.70261462e-01	2.37628600e-03	7.96158560e-05
4.70881435e-01	2.56019300e-03	8.00104985e-05
4.71501407e-01	2.48627930e-03	8.06800545e-05
4.72121380e-01	2.41429640e-03	7.97153986e-05
4.72741352e-01	2.44170500e-03	7.93282822e-05
4.73361325e-01	2.47284280e-03	8.04862147e-05
4.73981297e-01	2.51722100e-03	8.00441350e-05
4.74601270e-01	2.60194870e-03	7.99293623e-05
4.75221242e-01	2.43806290e-03	8.06750675e-05
4.75841215e-01	2.56112420e-03	8.01205888e-05
4.76461188e-01	2.51759810e-03	8.01597639e-05
4.77081160e-01	2.34647790e-03	8.09214024e-05
4.77701133e-01	2.57709590e-03	8.02015870e-05
4.78321105e-01	2.55985420e-03	8.00647088e-05
4.78941078e-01	2.52845700e-03	8.09106776e-05
4.79561050e-01	2.42361360e-03	8.00249107e-05
4.80181023e-01	2.48098680e-03	8.04893526e-05
4.80800995e-01	2.52759050e-03	8.04275087e-05
4.81420968e-01	2.60442940e-03	8.04511715e-05
4.82040940e-01	2.55844650e-03	8.05813500e-05
4.82660913e-01	2.56493540e-03	8.11580402e-05
4.83280886e-01	2.50811310e-03	8.03155817e-05
4.83900858e-01	2.53792690e-03	8.05903135e-05
4.84520831e-01	2.36950000e-03	8.07851690e-05
4.85140803e-01	2.55651790e-03	8.02726797e-05
4.85760776e-01	2.38421990e-03	8.09339759e-05
4.86380748e-01	2.59691450e-03	8.07714276e-05
4.87000721e-01	2.48046230e-03	8.05064478e-05
4.87620693e-01	2.41696020e-03	8.08780638e-05
4.88240666e-01	2.67369180e-03	8.10456504e-05
4.88860638e-01	2.41882500e-03	8.09751669e-05
4.89480611e-01	2.47395270e-03	8.12027861e-05
4.90100584e-01	2.45196100e-03	8.09436273e-05
4.90720556e-01	2.56511300e-03	8.11052173e-05
4.91340529e-01	2.54873850e-03	8.12204181e-05
4.91960501e-01	2.35303780e-03	8.14336707e-05
4.92580474e-01	2.36103090e-03	8.12022316e-05
4.93200446e-01	2.36875250e-03	8.18195935e-05
4.93820419e-01	2.50937890e-03	8.16479104e-05
4.94440391e-01	2.61088080e-03	8.18140394e-05
4.95060364e-01	2.35584270e-03	8.20653316e-05
4.95680337e-01	2.45396730e-03	8.16630460e-05
4.96300309e-01	2.60902090e-03	8.20613128e-05
4.96920282e-01	2.28967850e-03	8.24150093e-05
4.97540254e-01	2.51430990e-03	8.20983305e-05
4.98160227e-01	2.41838630e-03	8.18634260e-05
4.98780199e-01	2.49416940e-03	8.25305227e-05
4.99400172e-01	2.35251230e-03	8.20081815e-05
5.00020144e-01	2.55708850e-03	8.23862758e-05
5.00640117e-01	2.31773990e-03	8.27051836e-05
5.01260089e-01	2.40583710e-03	8.20474184e-05
5.01880062e-01	2.41523680e-03	8.24016725e-05
5.02500035e-01	2.49244580e-03	8.29399960e-05
5.03120007e-01	2.46554600e-03	8.21595127e-05
5.03739980e-01	2.34617550e-03	8.28320088e-05
5.04359952e-01	2.35850730e-03	8.33170808e-05
5.04979925e-01	2.40445250e-03	8.27584785e-05
5.05599897e-01	2.32855120e-03	8.31020762e-05
5.06219870e-01	2.29148480e-03	8.37778050e-05
5.06839842e-01	2.22870500e-03	8.32010799e-05
5.07459815e-01	2.20051380e-03	8.39131815e-05
5.08079787e-01	2.32376230e-03	8.45921658e-05
5.08699760e-01	2.33764380e-03	8.37388104e-05
5.09319733e-01	2.26618360e-03	8.45113437e-05
5.09939705e-01	2.46428940e-03	8.47622871e-05
5.10559678e-01	2.36781910e-03	8.48351273e-05
5.11179650e-01	2.38099380e-03	8.49252783e-05
5.11799623e-01	2.30469340e-03	8.53340153e-05
5.12419595e-01	2.21686470e-03	8.57024765e-05
5.13039568e-01	2.16606750e-03	8.64070288e-05
5.13659540e-01	2.41802830e-03	8.59695203e-05
5.14279513e-01	2.17578050e-03	8.65082349e-05
5.14899485e-01	2.23039520e-03	8.64784235e-05
5.15519458e-01	2.25505060e-03	8.71701439e-05
5.16139431e-01	2.17583390e-03	8.73342161e-05
5.16759403e-01	2.23573250e-03	8.77973688e-05
5.17379376e-01	2.32328860e-03	8.77207243e-05
5.17999348e-01	2.25750620e-03	8.79027709e-05
5.18619321e-01	2.19825870e-03	8.87198244e-05
5.19239293e-01	2.18602470e-03	8.83641011e-05
5.19859266e-01	2.08636880e-03	8.85415908e-05
5.20479238e-01	2.09636330e-03	8.82069500e-05
5.21099211e-01	2.05710050e-03	8.85541559e-05
5.21719183e-01	2.14926610e-03	8.87480534e-05
5.22339156e-01	2.16817320e-03	8.90150014e-05
5.22959129e-01	2.26909400e-03	8.92371605e-05
5.23579101e-01	2.13109220e-03	8.93393764e-05
5.24199074e-01	2.32665560e-03	8.91597202e-05
5.24819046e-01	2.04902070e-03	8.96703753e-05
5.25439019e-01	2.24585500e-03	8.96158064e-05
5.26058991e-01	2.16911580e-03	8.98019074e-05
5.26678964e-01	2.15373020e-03	8.98172939e-05
5.27298936e-01	2.21041890e-03	9.01760644e-05
5.27918909e-01	2.06161770e-03	9.02408261e-05
5.28538881e-01	2.18979940e-03	9.03266035e-05
5.29158854e-01	2.01206790e-03	9.05946835e-05
5.29778827e-01	2.10927180e-03	9.07813283e-05
5.30398799e-01	1.92891620e-03	9.11166651e-05
5.31018772e-01	2.14632490e-03	9.11683277e-05
5.31638744e-01	2.06380850e-03	9.13795971e-05
5.32258717e-01	2.06836520e-03	9.11733610e-05
5.32878689e-01	1.97088060e-03	9.14502006e-05
5.33498662e-01	2.06962280e-03	9.16132872e-05
5.34118634e-01	1.87410290e-03	9.20305361e-05
5.34738607e-01	2.08828540e-03	9.17561003e-05
5.35358579e-01	2.12181830e-03	9.26259771e-05
5.35978552e-01	1.88630100e-03	9.23425968e-05
5.36598525e-01	1.95435600e-03	9.30969572e-05
5.37218497e-01	1.98474610e-03	9.24807291e-05
5.37838470e-01	1.87278010e-03	9.28597007e-05
5.38458442e-01	1.94591430e-03	9.31422391e-05
5.39078415e-01	2.08284860e-03	9.35211690e-05
5.39698387e-01	1.98864380e-03	9.38498299e-05
5.40318360e-01	2.00893260e-03	9.34135278e-05
5.40938332e-01	1.81499890e-03	9.41543297e-05
5.41558305e-01	1.84354200e-03	9.42300958e-05
5.42178277e-01	2.08560700e-03	9.49371716e-05
5.42798250e-01	1.95176930e-03	9.48954192e-05
5.43418223e-01	1.91777400e-03	9.47528076e-05
5.44038195e-01	1.93321170e-03	9.50807929e-05
5.44658168e-01	1.85692490e-03	9.52465284e-05
5.45278140e-01	1.87496720e-03	9.51182893e-05
5.45898113e-01	1.85933480e-03	9.56092442e-05
5.46518085e-01	1.81201730e-03	9.56469330e-05
5.47138058e-01	1.76511840e-03	9.57208915e-05
5.47758030e-01	1.85851750e-03	9.59906760e-05
5.48378003e-01	1.70480260e-03	9.61573292e-05
5.48997976e-01	1.78871430e-03	9.65241726e-05
5.49617948e-01	1.76689810e-03	9.64249090e-05
5.50237921e-01	2.07627900e-03	9.70210637e-05
5.50857893e-01	1.75401190e-03	9.67413911e-05
5.51477866e-01	1.86114280e-03	9.71225020e-05
5.52097838e-01	1.90404780e-03	9.73358721e-05
5.52717811e-01	1.61630770e-03	9.79405648e-05
5.53337783e-01	1.76334860e-03	9.83659821e-05
5.53957756e-01	1.75735270e-03	9.81775602e-05
5.54577728e-01	1.84035760e-03	9.88553952e-05
5.55197701e-01	1.98543610e-03	9.89641062e-05
5.55817674e-01	1.80029310e-03	9.88123839e-05
5.56437646e-01	1.77367520e-03	9.90607077e-05
5.57057619e-01	1.78829540e-03	9.91263017e-05
5.57677591e-01	1.67329280e-03	9.95429972e-05
5.58297564e-01	1.80897050e-03	9.96166759e-05
5.58917536e-01	1.81282560e-03	9.96829966e-05
5.59537509e-01	1.75537460e-03	9.97833540e-05
5.60157481e-01	1.71733980e-03	9.98933747e-05
5.60777454e-01	1.82099660e-03	1.00574718e-04
5.61397426e-01	1.82754720e-03	1.00136882e-04
5.62017399e-01	1.63007000e-03	1.00260651e-04
5.62637372e-01	1.63003910e-03	1.00577459e-04
5.63257344e-01	1.83173360e-03	1.00933620e-04
5.63877317e-01	1.94477510e-03	1.01478956e-04
5.64497289e-01	1.64809600e-03	1.01521809e-04
5.65117262e-01	1.83685740e-03	1.02029040e-04
5.65737234e-01	1.83756460e-03	1.02062432e-04
5.66357207e-01	1.80766690e-03	1.02991161e-04
5.66977179e-01	1.61009380e-03	1.03577566e-04
5.67597152e-01	1.78096070e-03	1.02818752e-04
5.68217124e-01	1.66945040e-03	1.03596069e-04
5.68837097e-01	1.66011750e-03	1.04276382e-04
5.69457070e-01	1.89229330e-03	1.04574779e-04
5.70077042e-01	1.62683860e-03	1.04442712e-04
5.70697015e-01	1.85576800e-03	1.05213429e-04
5.71316987e-01	1.82129720e-03	1.05300132e-04
5.71936960e-01	1.80702080e-03	1.06081105e-04
5.72556932e-01	1.81977410e-03	1.06773258e-04
5.73176905e-01	1.56578990e-03	1.06773339e-04
5.73796877e-01	1.75656820e-03	1.06750681e-04
5.74416850e-01	1.49260800e-03	1.06967286e-04
5.75036822e-01	1.70027540e-03	1.07450133e-04
5.75656795e-01	1.95726140e-03	1.07810213e-04
5.76276768e-01	1.64529880e-03	1.08573920e-04
5.76896740e-01	1.65911430e-03	1.08848888e-04
5.77516713e-01	1.60843920e-03	1.08846383e-04
5.78136685e-01	1.64048180e-03	1.09577400e-04
5.78756658e-01	1.80393580e-03	1.10074156e-04
5.79376630e-01	1.60836890e-03	1.10492958e-04
5.79996603e-01	1.69568500e-03	1.10298168e-04
5.80616575e-01	1.71856330e-03	1.11004790e-04
5.81236548e-01	1.54805640e-03	1.11263518e-04
5.81856520e-01	1.50826060e-03	1.11786720e-04
5.82476493e-01	1.64979080e-03	1.12251773e-04
5.83096466e-01	1.38687710e-03	1.12729021e-04
5.83716438e-01	1.62004450e-03	1.13042895e-04
5.84336411e-01	1.51333930e-03	1.13851181e-04
5.84956383e-01	1.64187110e-03	1.14437413e-04
5.85576356e-01	1.68433580e-03	1.14803150e-04
5.86196328e-01	1.62252670e-03	1.14153450e-04
5.86816301e-01	1.79287580e-03	1.15329705e-04
5.87436273e-01	1.67293840e-03	1.15446691e-04
5.88056246e-01	1.79170220e-03	1.16011098e-04
5.88676218e-01	1.75841950e-03	1.16638090e-04
5.89296191e-01	1.62660580e-03	1.17402589e-04
5.89916164e-01	1.77543160e-03	1.17750677e-04
5.90536136e-01	1.43392630e-03	1.18280364e-04
5.91156109e-01	1.75829400e-03	1.19670740e-04
5.91776081e-01	1.86684910e-03	1.20156877e-04
5.92396054e-01	1.80194480e-03	1.20200557e-04
5.93016026e-01	1.44972910e-03	1.20527501e-04
5.93635999e-01	1.54514610e-03	1.21022549e-04
5.94255971e-01	1.51239670e-03	1.21656129e-04
5.94875944e-01	1.73770420e-03	1.21907976e-04
5.95495916e-01	1.66815950e-03	1.22182648e-04
5.96115889e-01	1.62808920e-03	1.23004137e-04
5.96735862e-01	1.73267580e-03	1.23139973e-04
5.97355834e-01	1.79300670e-03	1.24096364e-04
5.97975807e-01	1.57739340e-03	1.24410310e-04
5.98595779e-01	1.73682910e-03	1.24445421e-04
5.99215752e-01	1.46851730e-03	1.25136408e-04
5.99835724e-01	1.53787840e-03	1.26344919e-04
6.00455697e-01	1.47564610e-03	1.27883919e-04
6.01075669e-01	1.65769670e-03	1.28576183e-04
6.01695642e-01	1.87811070e-03	1.29119452e-04
6.02315615e-01	1.77435690e-03	1.30761358e-04
6.02935587e-01	1.65428680e-03	1.30182517e-04
6.03555560e-01	1.50097200e-03	1.31831958e-04
6.04175532e-01	1.51814370e-03	1.33073714e-04
6.04795505e-01	1.70164700e-03	1.32318536e-04
6.05415477e-01	1.71274620e-03	1.34198425e-04
6.06035450e-01	1.50576870e-03	1.35305421e-04
6.06655422e-01	1.61038290e-03	1.36749400e-04
6.07275395e-01	1.50483570e-03	1.37976248e-04
6.07895367e-01	1.68164160e-03	1.39115179e-04
6.08515340e-01	1.45787580e-03	1.41187057e-04
6.09135313e-01	1.54903950e-03	1.42005419e-04
6.09755285e-01	1.40575410e-03	1.44315002e-04
6.10375258e-01	1.61394700e-03	1.44538162e-04
6.10995230e-01	1.81646980e-03	1.45826725e-04
6.11615203e-01	1.68758150e-03	1.49973807e-04
6.12235175e-01	1.63826730e-03	1.48131836e-04
6.12855148e-01	1.50978100e-03	1.49129111e-04
6.13475120e-01	1.67088840e-03	1.51237436e-04
6.14095093e-01	1.78890590e-03	1.51740473e-04
6.14715065e-01	1.68609310e-03	1.54345872e-04
6.15335038e-01	1.48192020e-03	1.57441994e-04
6.15955011e-01	1.54106200e-03	1.60925801e-04
6.16574983e-01	1.70244310e-03	1.62737466e-04
6.17194956e-01	1.43807500e-03	1.65000227e-04
6.17814928e-01	1.71705970e-03	1.69974355e-04
6.18434901e-01	1.57185780e-03	1.76742186e-04
6.19054873e-01	1.66284940e-03	1.80647587e-04
6.19674846e-01	1.53809060e-03	1.86732401e-04
6.20294818e-01	1.63080830e-03	1.93886114e-04
6.20914791e-01	1.56390040e-03	2.01800324e-04
6.21534763e-01	1.61877970e-03	2.08674259e-04
6.22154736e-01	1.74435680e-03	2.16435105e-04
6.22774709e-01	1.46088240e-03	2.65041135e-04
6.23394681e-01	1.33375280e-03	3.20304071e-04
6.24014654e-01	1.04646220e-03	4.73059296e-04
6.24634626e-01	7.28731400e-04	8.68588547e-04
