# -----------------------------------
# SAS_MoCa Version 1.3.0
# Thu Feb  5 15:48:59 2026
# -----------------------------------
datafile:	./DMPC_50C_tmp_submission.dat
save-folder:	RES_DMPC-example
qrange:	[0.005, 0.6]
model:	LUV_DMPC
temperature-init:	400
temperature-gain:	50
target-X2:	10
data-binning:	1
error-scale:	1
iterations:	100
processes:	24
plot-only:	False
state:	0
# -----------------------------------
q	I_data	I_err	I_fit
0.00528205225	0.38386034	0.00391921546	0.4866545271901088
0.00590202479	0.34148635	0.00227617529	0.36448893727804427
0.00652199734	0.3520778	0.00180043834	0.31112144566296646
0.00714196989	0.360346803	0.00149393774	0.2799487962707823
0.00776194243	0.338366284	0.00122682682	0.2521328654197627
0.00838191498	0.283787905	0.00105024989	0.22332247961198337
0.00900188753	0.221683124	0.000897547952	0.19458828116629473
0.00962186007	0.169791425	0.000777266842	0.16785633187116908
0.0102418326	0.134246769	0.000685188697	0.14432339515939657
0.0108618052	0.114299907	0.000613489903	0.12430877987529922
0.0114817777	0.104167328	0.000553137834	0.107565709727846
0.0121017503	0.093935268	0.000508019281	0.093606036683668
0.0127217228	0.082556748	0.000481387136	0.0819084157078227
0.0133416954	0.071909479	0.000429974033	0.07201563051320185
0.0139616679	0.060811796	0.000402573306	0.06356223436345708
0.0145816404	0.052264918	0.000371014651	0.05626864977961775
0.015201613	0.045427972	0.000344808471	0.0499240113223267
0.0158215855	0.040523512	0.000328466021	0.044368472061842454
0.0164415581	0.036352727	0.000309611646	0.03947883361107732
0.0170615306	0.032387847	0.000289620927	0.035158085743889456
0.0176815032	0.0288983406	0.000280487854	0.03132816612009673
0.0183014757	0.025079953	0.000266190728	0.02792506660624336
0.0189214483	0.0220239293	0.00024998188	0.024895497481616173
0.0195414208	0.0194009299	0.00024256025	0.022194578332460628
0.0201613934	0.0166640043	0.000233601836	0.019784174413208983
0.0207813659	0.0144719115	0.000223299064	0.01763166605608748
0.0214013385	0.0133247337	0.00021671964	0.01570899682171164
0.022021311	0.0112254752	0.000208536093	0.01399192685400208
0.0226412835	0.0093263334	0.000202077125	0.012459426441546297
0.0232612561	0.0082070651	0.000198037354	0.011093183011616914
0.0238812286	0.0070516607	0.000191087345	0.00987719363723068
0.0245012012	0.0062108928	0.000185747228	0.008797424288585228
0.0251211737	0.0049592015	0.000181727299	0.007841527896862908
0.0257411463	0.004722751	0.000176866085	0.006998605078777805
0.0263611188	0.0038842472	0.000173329278	0.006259005109071293
0.0269810914	0.0029724522	0.000170564001	0.005614155671865757
0.0276010639	0.0022307513	0.000166144832	0.005056420501181925
0.0282210365	0.0018879986	0.000161574731	0.0045789767329809765
0.028841009	0.0017830703	0.000161500554	0.0041757117799990084
0.0294609816	0.0013020471	0.000158049542	0.0038411338985746323
0.0300809541	0.0010603039	0.000154388736	0.003570296527075413
0.0307009267	0.0011767239	0.000153522021	0.003358732297246084
0.0313208992	0.0010225884	0.000150121644	0.0032023968147684686
0.0319408717	0.0008733188	0.00014724131	0.0030976194323401266
0.0325608443	0.0009479043	0.000147528554	0.003041060891088104
0.0331808168	0.0008969271	0.000144371357	0.003029676322474359
0.0338007894	0.0010834151	0.000143623882	0.0030606829251854407
0.0344207619	0.0011723893	0.000142627865	0.003131531743038701
0.0350407345	0.0014084688	0.000142894633	0.003239882936367652
0.035660707	0.0014507516	0.000144526308	0.00338358391917838
0.0362806796	0.0021230737	0.00014564674	0.0035606503119264728
0.0369006521	0.0019288001	0.000144710637	0.003769248815009772
0.0375206247	0.002654784	0.000144961443	0.004007682442077056
0.0381405972	0.0027559926	0.000145365285	0.004274376955746372
0.0387605698	0.0029355483	0.000144457111	0.0045678693596328986
0.0393805423	0.0034774695	0.000145226521	0.0048867970376233775
0.0400005149	0.0039901185	0.000145259887	0.005229888751108895
0.0406204874	0.0043539211	0.000143618654	0.005595955847403619
0.0412404599	0.0045872671	0.000144715083	0.0059838851364707474
0.0418604325	0.0050314266	0.000144179745	0.006392632016659953
0.042480405	0.0056751664	0.000143204104	0.006821214223607246
0.0431003776	0.0060654465	0.000138284282	0.007268706870549663
0.0437203501	0.0064453302	0.000137636335	0.007734237006605824
0.0443403227	0.0072963051	0.000135642985	0.008216979784015758
0.0449602952	0.0076189529	0.000134311739	0.00871615387580949
0.0455802678	0.0082960442	0.000134419408	0.00923101849703236
0.0462002403	0.0085598805	0.000131197785	0.009760869500579923
0.0468202129	0.0093493551	0.000130698049	0.01030503708513024
0.0474401854	0.0101152432	0.00013084415	0.010862882429086583
0.048060158	0.0105658984	0.000128639505	0.011433795954494256
0.0486801305	0.0114609916	0.000128648028	0.012017194390147996
0.049300103	0.0118303109	0.000127995176	0.012612519391621948
0.0499200756	0.0127019814	0.000126394535	0.013219235433081572
0.0505400481	0.0134041068	0.000126257011	0.013836827825701711
0.0511600207	0.0139014271	0.000126549057	0.01446480187344423
0.0517799932	0.0145062043	0.000125004389	0.0151026806747214
0.0523999658	0.0152677349	0.000124659418	0.01575000465001247
0.0530199383	0.0157292912	0.000124720164	0.01640632954507301
0.0536399109	0.0167169675	0.00012341983	0.017071226190217576
0.0542598834	0.017273046	0.000123228961	0.0177442786674648
0.054879856	0.0178528521	0.000123519556	0.018425084263285773
0.0554998285	0.0186301349	0.000122229624	0.019113251769627467
0.0561198011	0.0193307351	0.00012384041	0.01980840159892285
0.0567397736	0.0202467038	0.000125961903	0.020510164194889643
0.0573597462	0.0208740391	0.000127308563	0.02121818028415097
0.0579797187	0.0215551262	0.000127863074	0.021932099377425514
0.0585996912	0.0222847309	0.000128475351	0.022651580020060035
0.0592196638	0.0230663208	0.000129033051	0.02337628895038896
0.0598396363	0.0237670915	0.000129249951	0.024105900281608483
0.0604596089	0.0245746537	0.000130972595	0.024840095894999657
0.0610795814	0.0253271179	0.000130952832	0.025578564105143694
0.061699554	0.0263216159	0.000132369253	0.026321000244279164
0.0623195265	0.0269316358	0.000131636215	0.027067105375116456
0.0629394991	0.0277063444	0.000131429271	0.02781658694017284
0.0635594716	0.0283990441	0.000132605151	0.02856915751476617
0.0641794442	0.0293538509	0.000131399767	0.02932453551157125
0.0647994167	0.0299503981	0.000128231474	0.03008244396779818
0.0654193893	0.0307990869	0.000127139829	0.03084261129661846
0.0660393618	0.0317559997	0.000126910603	0.031604770103694335
0.0666593343	0.0323858333	0.000126627984	0.03236865785494255
0.0672793069	0.0332098338	0.000126138367	0.03313401633522383
0.0678992794	0.0338994282	0.000125640193	0.033900591115768326
0.068519252	0.0347419412	0.000124559215	0.034668132270575434
0.0691392245	0.035273118	0.000123750612	0.035436393250991086
0.0697591971	0.0360384552	0.000124723662	0.03620513175042863
0.0703791696	0.0367769488	0.000123163949	0.03697410859781282
0.0709991422	0.0375899886	0.000123145204	0.037743088643359304
0.0716191147	0.0385813923	0.000123449042	0.038511839669175825
0.0722390873	0.0392550172	0.000122819053	0.039280133292131224
0.0728590598	0.0399594978	0.000122533224	0.04004774389030077
0.0734790324	0.040811466	0.000122551694	0.040814449519387765
0.0740990049	0.0414094574	0.000121470092	0.04158003085402858
0.0747189775	0.0422891718	0.000121349354	0.042344272114597736
0.07533895	0.0429748362	0.000122146654	0.04310696002265982
0.0759589225	0.0439372661	0.000120934166	0.04386788461272033
0.0765788951	0.0446972714	0.000121145346	0.04462683881424722
0.0771988676	0.0451694165	0.000121132146	0.04538361804324411
0.0778188402	0.0461877158	0.000120905022	0.046138021019944415
0.0784388127	0.0467161074	0.000120794085	0.04688984875790363
0.0790587853	0.047648105	0.000120609503	0.0476389055063248
0.0796787578	0.0482473563	0.000122410289	0.048384997752346844
0.0802987304	0.0491821958	0.000123281212	0.049127935162783944
0.0809187029	0.0495421434	0.000124793273	0.049867529599650705
0.0815386755	0.0503296782	0.000124983026	0.050603596059411574
0.082158648	0.0511489945	0.000124931077	0.0513359517018801
0.0827786206	0.0516347047	0.000124023739	0.05206441678521738
0.0833985931	0.052462462	0.000122444749	0.052788813708421846
0.0840185656	0.053484695	0.000121917667	0.05350896782463443
0.0846385382	0.0540321399	0.000121850636	0.0542247070765381
0.0852585107	0.0548044089	0.000120453893	0.05493586164565778
0.0858784833	0.0556602451	0.00012064469	0.055642264752646074
0.0864984558	0.0561066871	0.00012055777	0.05634375173509013
0.0871184284	0.0569146585	0.000119499924	0.05704016095546656
0.0877384009	0.0576527676	0.000119227975	0.05773133289372862
0.0883583735	0.0580650431	0.000119629284	0.058417111044464565
0.088978346	0.0590178417	0.000118566024	0.05909734102468606
0.0895983186	0.0593578472	0.000117640006	0.059771871458978505
0.0902182911	0.0600489438	0.000118303604	0.060440553102933545
0.0908382637	0.0610126133	0.000117562546	0.061103239715151185
0.0914582362	0.0613923416	0.000117602621	0.0617597871967748
0.0920782088	0.0621412155	0.000118717561	0.06241005444927075
0.0926981813	0.0629317707	0.000117470171	0.06305390253053475
0.0933181538	0.0632784398	0.000117227794	0.06369119539517809
0.0939381264	0.0641084423	0.000117933268	0.06432179957896891
0.0945580989	0.0646960487	0.000117304962	0.06494558390254823
0.0951780715	0.0653209112	0.000117383477	0.06556242018497217
0.095798044	0.0659274767	0.000117309035	0.06617218244332583
0.0964180166	0.0664398642	0.000116327502	0.06677474769311129
0.0970379891	0.0672685978	0.000116153837	0.06736999516609429
0.0976579617	0.0677012126	0.000116331508	0.06795780709233804
0.0982779342	0.0682230342	0.000115741895	0.06853806793675007
0.0988979068	0.0709947831	0.000117199607	0.06911066516197968
0.0995178793	0.0692549211	0.00011564861	0.06967548848412496
0.100137852	0.0698984303	0.00011463434	0.07023243070494928
0.100757824	0.0703459119	0.000114690583	0.07078138618965364
0.101377797	0.0710309159	0.00011486392	0.07132225423916798
0.101997769	0.0713649569	0.00011416224	0.07185493355149422
0.102617742	0.0719139429	0.000114039325	0.07237932893217855
0.103237715	0.0722671874	0.000114289615	0.07289534525007554
0.103857687	0.0725739783	0.0001138682	0.07340289007856997
0.10447766	0.0733846652	0.000114234604	0.07390187609322628
0.105097632	0.0739294153	0.000114653566	0.07439221537788604
0.105717605	0.0744732145	0.000113585377	0.07487382586461236
0.106337577	0.0748076044	0.000113472847	0.0753466250084792
0.10695755	0.0752178131	0.000113597603	0.0758105360025687
0.107577522	0.0757809542	0.000113175084	0.07626548167824583
0.108197495	0.0761963211	0.000113062037	0.07671139049096581
0.108817468	0.0763250195	0.000113085314	0.07714819134718487
0.10943744	0.0769192959	0.000112222751	0.07757581587118742
0.110057413	0.0773684271	0.000112121227	0.07799420040703567
0.110677385	0.0777504931	0.000112885983	0.07840328122595441
0.111297358	0.0779704238	0.000111726947	0.07880299992245425
0.11191733	0.0782478449	0.000111663523	0.07919329813343307
0.112537303	0.0787927159	0.000111827081	0.07957412269248042
0.113157275	0.07914165	0.000111222944	0.07994542059029237
0.113777248	0.0797722347	0.000111193484	0.08030714388418077
0.11439722	0.0799704556	0.000112081061	0.08065924490258233
0.115017193	0.0801580059	0.000112907293	0.08100168090707527
0.115637166	0.0807930068	0.000113108829	0.08133441007233042
0.116257138	0.0809786856	0.000113623192	0.08165739325404617
0.116877111	0.0809902202	0.000112955283	0.08197059547453935
0.117497083	0.0816986792	0.00011386571	0.08227398230805372
0.118117056	0.0816825212	0.000114505253	0.0825675239140583
0.118737028	0.0821827793	0.000114636694	0.08285119111413794
0.119357001	0.0821911602	0.000114093352	0.08312495917053112
0.119976973	0.0825571952	0.000114984087	0.0833888041163342
0.120596946	0.0828454784	0.000114909232	0.08364270627781727
0.121216918	0.0830268457	0.000115117443	0.08388664685926392
0.121836891	0.0832425448	0.000115400171	0.084120611207872
0.122456864	0.0836136586	0.00011475243	0.08434458600749362
0.123076836	0.0837693113	0.000114885227	0.08455856051917987
0.123696809	0.0839327029	0.00011558954	0.08476252753116618
0.124316781	0.0840879868	0.000114976	0.08495648096980574
0.124936754	0.084389054	0.000115286067	0.08514041851746174
0.125556726	0.0843468601	0.000115596868	0.08531433909523363
0.126176699	0.0849014058	0.000115306638	0.08547824522134646
0.126796671	0.0846484957	0.00011520557	0.0856321407512627
0.127416644	0.0848417253	0.000116100328	0.08577603297655624
0.128036616	0.0850879855	0.000115107099	0.08590993062232433
0.128656589	0.0849940314	0.000114894504	0.086033845686788
0.129276562	0.0853245728	0.000115996289	0.08614779187143218
0.129896534	0.0854438094	0.000115473483	0.0862517852830203
0.130516507	0.0855046557	0.000115418117	0.08634584484568764
0.131136479	0.0853822739	0.000115521067	0.08642999114753477
0.131756452	0.0856763472	0.000115543846	0.08650424763473535
0.132376424	0.0856257904	0.000115580124	0.08656863950528636
0.132996397	0.0856093044	0.000116051496	0.08662319464663545
0.133616369	0.0857471117	0.000117575937	0.08666794278333759
0.134236342	0.0856290602	0.000118893662	0.08670291615953929
0.134856314	0.0855812043	0.000119456052	0.08672814893914055
0.135476287	0.0857602372	0.000120765556	0.08674367763470674
0.13609626	0.0857084304	0.000120036434	0.08674954076019158
0.136716232	0.0856952374	0.000121128142	0.08674577899965671
0.137336205	0.0857457433	0.000121307227	0.08673243509494735
0.137956177	0.0857353612	0.000121063395	0.086709553902377
0.13857615	0.0856323508	0.000121582722	0.08667718219605819
0.139196122	0.0855044201	0.000120944999	0.08663536893757261
0.139816095	0.0855049039	0.000121295604	0.08658416483298463
0.140436067	0.085525591	0.000121627262	0.08652362284597705
0.14105604	0.0852664085	0.000119963456	0.08645379751110256
0.141676012	0.085232652	0.0001190507	0.08637474568779707
0.142295985	0.0852246633	0.000118447636	0.08628652563262859
0.142915958	0.0852164946	0.00011735109	0.08618919782710145
0.14353593	0.085098676	0.00011811567	0.08608282463335759
0.144155903	0.085189645	0.000117787903	0.0859674696851229
0.144775875	0.0847088903	0.000116341073	0.08584319909637755
0.145395848	0.0846574721	0.000116807486	0.08571007994446393
0.14601582	0.0845153991	0.000116633417	0.08556818184395949
0.146635793	0.0842602958	0.000115401222	0.08541757519997085
0.147255765	0.0843176302	0.000115707272	0.0852583330088482
0.147875738	0.0839983759	0.000115837222	0.08509052888527487
0.14849571	0.0839184661	0.00011563097	0.08491423908620742
0.149115683	0.0837088333	0.000116718313	0.08472954031554199
0.149735656	0.0835833253	0.000116201909	0.08453651164947094
0.150355628	0.083441196	0.000115743426	0.08433523371279952
0.150975601	0.0831313062	0.000116379795	0.08412578761319835
0.151595573	0.0829388486	0.000116195619	0.08390825721514629
0.152215546	0.0826846672	0.000115759554	0.08368272640615826
0.152835518	0.0825164865	0.000115936675	0.0834492818711686
0.153455491	0.0823890019	0.000115783815	0.0832080101508374
0.154075463	0.0820598781	0.000115612196	0.08295900062089866
0.154695436	0.0818135956	0.000117648173	0.08270234234702185
0.155315408	0.0814637947	0.000118283439	0.08243812726466339
0.155935381	0.0811089216	0.00011934079	0.08216644683509819
0.156555354	0.0809500801	0.00012029993	0.08188739496518152
0.157175326	0.080693998	0.000119843244	0.0816010667492821
0.157795299	0.0802298314	0.000121039128	0.08130755699709095
0.158415271	0.0801477548	0.000121713329	0.0810069634621371
0.159035244	0.0797128109	0.000121131812	0.08069938302176437
0.159655216	0.0794690631	0.000122049187	0.08038491552174991
0.160275189	0.0793784225	0.000123095882	0.08006365977457659
0.160895161	0.0789603252	0.000121617958	0.0797357175829298
0.161515134	0.0784186949	0.000122527415	0.07940118956140897
0.162135107	0.078146791	0.000123309544	0.07906017877857999
0.162755079	0.0777460904	0.000120940563	0.0787127891834383
0.163375052	0.0774565028	0.000119295301	0.07835912384364271
0.163995024	0.0771147647	0.000119651358	0.0779992888593497
0.164614997	0.076735821	0.000117998875	0.07763338876665409
0.165234969	0.0767629742	0.000117516123	0.07726153114632008
0.165854942	0.0759321918	0.000118119204	0.0768838218693925
0.166474914	0.0755720812	0.000116730333	0.07650036986111065
0.167094887	0.0753159807	0.000115856904	0.07611128219422188
0.167714859	0.0748307033	0.000116465278	0.0757166690025938
0.168334832	0.0745576369	0.000116032658	0.07531663842782882
0.168954805	0.0742001399	0.000114860832	0.0749113010190069
0.169574777	0.0736412709	0.000115225962	0.07450076782835487
0.17019475	0.0732206751	0.000114531957	0.07408514835293624
0.170814722	0.0727428368	0.000114361505	0.07366455515721082
0.171434695	0.0726690364	0.0001152767	0.07323909847777063
0.172054667	0.0721749612	0.000113593436	0.07280889161684008
0.17267464	0.0716958859	0.000112770953	0.0723740454203339
0.173294612	0.0710628184	0.000113655796	0.07193467379567815
0.173914585	0.0707587949	0.000112871696	0.0714908880690032
0.174534557	0.0700859559	0.000111856155	0.07104280262153183
0.17515453	0.069743666	0.000112659696	0.07059052913174968
0.175774503	0.0694716119	0.000111340685	0.07013418158527726
0.176394475	0.0691994165	0.000111186295	0.0696738741043894
0.177014448	0.0684837428	0.000112071617	0.0692097186594469
0.17763442	0.0681853648	0.000110488965	0.0687418302502055
0.178254393	0.0676214929	0.00011040674	0.06827032088612112
0.178874365	0.067155525	0.000110574236	0.06779530559207336
0.179494338	0.0666753896	0.000110143749	0.06731689629422816
0.18011431	0.0661185149	0.000109031741	0.0668352079181926
0.180734283	0.0655814026	0.000110141226	0.06635035218632479
0.181354255	0.0653084026	0.000109067041	0.06586244380249766
0.181974228	0.0646002399	0.000109134684	0.06537159416673846
0.182594201	0.0642721798	0.000109736819	0.06487791684227892
0.183214173	0.0637886277	0.000108440197	0.06438152518593575
0.183834146	0.06353441	0.000107805975	0.06388252989667487
0.184454118	0.0628423604	0.000109008639	0.06338104460210738
0.185074091	0.0620911278	0.000107669095	0.06287717939208617
0.185694063	0.0618349481	0.000106757101	0.06237104726092326
0.186314036	0.061233455	0.000107631012	0.06186275757875884
0.186934008	0.0607669797	0.000107067237	0.061352422594376774
0.187553981	0.0605171265	0.000106494823	0.060840150850119463
0.188173953	0.0596940842	0.000107265101	0.060326053739599456
0.188793926	0.05939931	0.00010562049	0.05981023887189362
0.189413899	0.058693776	0.000105480901	0.059292815842660974
0.190033871	0.0580173423	0.00010606627	0.05877389373244521
0.190653844	0.0577234087	0.000105150497	0.05825357855863742
0.191273816	0.0571928198	0.000104313122	0.05773197911512139
0.191893789	0.0568463886	0.000105387078	0.057209200234434564
0.192513761	0.0562661598	0.000104230587	0.0566853494933485
0.193133734	0.0557122915	0.000103736665	0.05616053044397843
0.193753706	0.0551196671	0.000104350679	0.05563484934918261
0.194373679	0.0547877023	0.000103752629	0.05510840838810447
0.194993651	0.0542019892	0.000102952976	0.05458131241597885
0.195613624	0.0534992527	0.000103396999	0.05405366214952176
0.196233597	0.0528370544	0.000102566623	0.0535255600936761
0.196853569	0.0525445354	0.000101975989	0.052997107972812686
0.197473542	0.0520680185	0.000102674514	0.0524684041492154
0.198093514	0.051580993	0.000101826762	0.05193954957002597
0.198713487	0.0510236064	0.000101591546	0.05141064092544425
0.199333459	0.0505869863	0.000102038099	0.05088177745238004
0.199953432	0.0500022709	0.00010068848	0.05035305409083883
0.200573404	0.0493973165	0.000100783263	0.04982456828854907
0.201193377	0.0489574617	0.000100818367	0.04929641316057893
0.201813349	0.0483256448	0.000100429688	0.04876868428996311
0.202433322	0.0479216413	9.95749821e-05	0.048241472895502624
0.203053295	0.0472813645	0.000100226264	0.047714871774656074
0.203673267	0.0466817524	9.91615675e-05	0.04718897272863905
0.20429324	0.0462819197	9.93695754e-05	0.04666386400567356
0.204913212	0.0455738093	9.91150607e-05	0.04613963621964272
0.205533185	0.045258738	9.8122408e-05	0.04561637555936484
0.206153157	0.0445924099	9.78756803e-05	0.045094170537408725
0.20677313	0.0441505012	9.80931229e-05	0.044573105224091816
0.207393102	0.0435222055	9.73223486e-05	0.044053265971105995
0.208013075	0.0431885817	9.73097509e-05	0.04353473467472583
0.208633047	0.0424605589	9.73141801e-05	0.04301759546982323
0.20925302	0.0421855671	9.68764585e-05	0.042501928026659516
0.209872993	0.0416838746	9.67862326e-05	0.04198781338302085
0.210492965	0.0412966745	9.6749946e-05	0.04147533141864353
0.211112938	0.0408342579	9.58204394e-05	0.040964558375164765
0.21173291	0.040105302	9.58671775e-05	0.04045557262453708
0.212352883	0.0396609118	9.54375755e-05	0.03994844806815005
0.212972855	0.0389753115	9.5279412e-05	0.039443260694020585
0.213592828	0.0386046732	9.47462591e-05	0.03894008202388094
0.2142128	0.038172837	9.50499684e-05	0.038438985622277336
0.214832773	0.0376872618	9.40064556e-05	0.03794004059545966
0.215452746	0.037096341	9.42387904e-05	0.03744331724923756
0.216072718	0.0366377264	9.39936666e-05	0.03694888464024623
0.216692691	0.0361120316	9.28102814e-05	0.03645680819215282
0.217312663	0.0358024716	9.29138741e-05	0.035967155261729666
0.217932636	0.0353141492	9.30599295e-05	0.035479988783199065
0.218552608	0.0347575733	9.17384561e-05	0.034995373580078606
0.219172581	0.0344584335	9.2096155e-05	0.03451337007375034
0.219792553	0.033762087	9.20153921e-05	0.03403404053120241
0.220412526	0.0333171553	9.12697966e-05	0.03355744284107993
0.221032498	0.0329876429	9.12724551e-05	0.033083636694115647
0.221652471	0.0324513316	9.15094765e-05	0.032612677429787774
0.222272444	0.0318785967	9.00740206e-05	0.03214462139377188
0.222892416	0.0314398332	9.05771514e-05	0.03167952362115351
0.223512389	0.0309414099	9.04924305e-05	0.03121743560434686
0.224132361	0.0306555011	8.94892699e-05	0.030758410530119136
0.224752334	0.0301164614	8.9928674e-05	0.03030249731556222
0.225372306	0.0296903497	8.99056237e-05	0.029849746529571033
0.225992279	0.0291148683	8.91164082e-05	0.02940020450930676
0.226612251	0.0288010183	8.92718267e-05	0.02895391920155882
0.227232224	0.0283657967	8.8874499e-05	0.028510934362220634
0.227852196	0.0278749399	8.8364105e-05	0.02807129531505493
0.228472169	0.0275165326	8.83058528e-05	0.02763504323656778
0.229092142	0.0269636448	8.83760317e-05	0.027202220134484537
0.229712114	0.0266159901	8.73416808e-05	0.026772866696998767
0.230332087	0.0263689859	8.76228184e-05	0.02634702024195427
0.230952059	0.0257802249	8.78402737e-05	0.025924719552733646
0.231572032	0.0253366812	8.69945256e-05	0.02550599938618059
0.232192004	0.0249223142	8.69936683e-05	0.025090895924665308
0.232811977	0.0245912833	8.71085199e-05	0.024679441376693027
0.233431949	0.0241329136	8.60757926e-05	0.02427166933685787
0.234051922	0.0239243552	8.64231361e-05	0.023867609480917942
0.234671894	0.023502329	8.61264049e-05	0.023467292831887678
0.235291867	0.0229511184	8.54898852e-05	0.02307074655122645
0.23591184	0.0225530702	8.59412673e-05	0.022677998479035896
0.236531812	0.0221276264	8.53982828e-05	0.02228907517495151
0.237151785	0.0217463306	8.51672875e-05	0.021904000069637906
0.237771757	0.0214341713	8.53725933e-05	0.02152279784676303
0.23839173	0.021174781	8.49396787e-05	0.021145489480811814
0.239011702	0.0208152693	8.42181046e-05	0.020772097162768424
0.239631675	0.0202373572	8.45450697e-05	0.020402639438774666
0.240251647	0.01998124	8.39640661e-05	0.020037136035685476
0.24087162	0.0195392459	8.3431583e-05	0.0196756031016335
0.241491592	0.0193333359	8.41312227e-05	0.019318057930416178
0.242111565	0.0188763083	8.37580678e-05	0.018964514304901755
0.242731538	0.0185285325	8.30521456e-05	0.018614986558797945
0.24335151	0.0181627573	8.35219125e-05	0.018269487826375982
0.243971483	0.017848508	8.30784346e-05	0.01792802840905931
0.244591455	0.0175967624	8.23513508e-05	0.017590619669659257
0.245211428	0.017105522	8.26584643e-05	0.017257269636161022
0.2458314	0.0168300416	8.23310291e-05	0.01692798736560387
0.246451373	0.0165679008	8.19762162e-05	0.016602778653011033
0.247071345	0.0162773338	8.19319869e-05	0.01628165029093201
0.247691318	0.0159493655	8.2028757e-05	0.01596460588390493
0.24831129	0.0155104892	8.15158782e-05	0.015651650003282593
0.248931263	0.0154912493	8.17450435e-05	0.015342784107500193
0.249551236	0.0150522108	8.14812135e-05	0.015038010103628974
0.250171208	0.0147676569	8.06370244e-05	0.014737328815068623
0.250791181	0.0144391672	8.10655528e-05	0.01444073856824686
0.251411153	0.0141106654	8.06783913e-05	0.01414823858325104
0.252031126	0.0139179356	8.04121252e-05	0.013859825159064145
0.252651098	0.0136178036	8.068337e-05	0.013575495460531672
0.253271071	0.0132501124	8.14248082e-05	0.013295243809479919
0.253891043	0.0131234743	8.24358946e-05	0.013019065366643243
0.254511016	0.0127162911	8.33106177e-05	0.012746952528445802
0.255130988	0.0124401545	8.33945455e-05	0.012478898504109607
0.255750961	0.0122816396	8.38060696e-05	0.012214893817778983
0.256370934	0.0120246788	8.43844229e-05	0.011954929365067219
0.256990906	0.0118409986	8.40491841e-05	0.011698995100417954
0.257610879	0.0115440744	8.47961638e-05	0.011447078841906657
0.258230851	0.0111264286	8.533931e-05	0.011199169158821557
0.258850824	0.0111220134	8.5088111e-05	0.010955252135096153
0.259470796	0.0107152365	8.57225557e-05	0.0107153145827129
0.260090769	0.010492602	8.59968327e-05	0.010479340908591504
0.260710741	0.0101616773	8.55984981e-05	0.010247316225370527
0.261330714	0.0100798625	8.36745904e-05	0.010019223321006106
0.261950686	0.0098436977	8.33097002e-05	0.009795045667671103
0.262570659	0.0095138244	8.24688836e-05	0.009574764493232343
0.263190632	0.0093475012	8.19745618e-05	0.009358361343156615
0.263810604	0.0091681094	8.18879669e-05	0.009145816982628546
0.264430577	0.0089886637	8.14243938e-05	0.00893711041133276
0.265050549	0.0088005258	8.0793156e-05	0.008732221262987332
0.265670522	0.0085534989	8.12172597e-05	0.008531127127340781
0.266290494	0.0082512988	8.02469515e-05	0.008333806209506692
0.266910467	0.0082059227	7.97893954e-05	0.008140234750293587
0.267530439	0.0080445502	7.98790006e-05	0.007950389587993472
0.268150412	0.0078923504	7.97760055e-05	0.007764245675863353
0.268770384	0.0075164687	7.91496249e-05	0.007581778547536885
0.269390357	0.007437712	7.95377923e-05	0.007402961930407146
0.27001033	0.0071240309	7.91241205e-05	0.0072277698362275605
0.270630302	0.0072100454	7.88088888e-05	0.0070561756674369465
0.271250275	0.006899766	7.90620885e-05	0.0068881514287259405
0.271870247	0.0067728764	7.86195636e-05	0.006723669665697433
0.27249022	0.0065211041	7.79837562e-05	0.006562701312108761
0.273110192	0.0065364952	7.89454908e-05	0.006405217828126794
0.273730165	0.0063987237	7.80265686e-05	0.0062511891385985865
0.274350137	0.006258028	7.79015998e-05	0.006100585680987949
0.27497011	0.0060707071	7.83418217e-05	0.005953376433153763
0.275590083	0.0058617477	7.80535921e-05	0.005809530643148368
0.276210055	0.0057694074	7.75356662e-05	0.005669017091550407
0.276830028	0.0056477029	7.83345233e-05	0.005531803451412222
0.27745	0.0055032337	7.72892302e-05	0.005397857876916098
0.278069973	0.0054446376	7.71366198e-05	0.005267147247941232
0.278689945	0.0053007015	7.76372686e-05	0.005139638914054005
0.279309918	0.0050975666	7.70217945e-05	0.005015299022878391
0.27992989	0.0050422112	7.67486956e-05	0.00489409418091326
0.280549863	0.0049069077	7.72205502e-05	0.0047759898639808665
0.281169835	0.0047955735	7.67647518e-05	0.004660951996577604
0.281789808	0.0047116111	7.67363781e-05	0.004548945442638164
0.282409781	0.0045883368	7.72939816e-05	0.004439935331729874
0.283029753	0.0044951638	7.64252083e-05	0.004333886495500627
0.283649726	0.0042292451	7.59672721e-05	0.004230762991035001
0.284269698	0.0043675648	7.65806824e-05	0.004130529301136344
0.284889671	0.0042089573	7.60981712e-05	0.004033149017957381
0.285509643	0.0040216864	7.58646282e-05	0.003938586151153209
0.286129616	0.0040266882	7.64139984e-05	0.0038468038854154313
0.286749588	0.0039137987	7.57898922e-05	0.003757765815242811
0.287369561	0.0039295855	7.55243532e-05	0.003671434774489794
0.287989533	0.0037818319	7.63800217e-05	0.0035877739996230426
0.288609506	0.0037296955	7.5755717e-05	0.0035067460293754247
0.289229479	0.0036440643	7.53230452e-05	0.0034283136739403923
0.289849451	0.0036028034	7.56773977e-05	0.003352439604985995
0.290469424	0.0035770889	7.53338465e-05	0.003279086020898328
0.291089396	0.003419767	7.50591339e-05	0.00320821550673958
0.291709369	0.0033186656	7.55467703e-05	0.003139790100709884
0.292329341	0.0032842235	7.55006006e-05	0.003073772222076005
0.292949314	0.0032172702	7.47118905e-05	0.0030101238009428042
0.293569286	0.0030305711	7.5468388e-05	0.0029488071432777693
0.294189259	0.0030364441	7.46624044e-05	0.0028897841220292954
0.294809231	0.0030406977	7.44453055e-05	0.002833016981188693
0.295429204	0.0028960083	7.48312384e-05	0.0027784675862882087
0.296049177	0.0028484762	7.42582124e-05	0.0027260980867135683
0.296669149	0.00273466	7.40413255e-05	0.002675870637277665
0.297289122	0.0028584977	7.44613976e-05	0.002627747182922671
0.297909094	0.0026597939	7.40791426e-05	0.002581690029127852
0.298529067	0.0027833154	7.38286404e-05	0.002537661232245726
0.299149039	0.00267234	7.42333972e-05	0.0024956232055263613
0.299769012	0.0025918084	7.35437652e-05	0.0024555381619513457
0.300388984	0.0026375748	7.35855701e-05	0.002417368668051018
0.301008957	0.0026691215	7.39728822e-05	0.0023810771372810625
0.301628929	0.0025998376	7.33191424e-05	0.0023466263335676545
0.302248902	0.0025241707	7.3621402e-05	0.0023139789132807296
0.302868875	0.0024481212	7.37712737e-05	0.0022830978320272925
0.303488847	0.0024058192	7.353256e-05	0.002253946175315592
0.30410882	0.002454927	7.33588925e-05	0.0022264870403199788
0.304728792	0.0024507276	7.39336179e-05	0.0022006838680429836
0.305348765	0.002303074	7.30638942e-05	0.0021765000983477146
0.305968737	0.0024032341	7.33178384e-05	0.0021538995126389755
0.30658871	0.0023690865	7.37393417e-05	0.0021328459307862774
0.307208682	0.0023032351	7.31217906e-05	0.0021133035120976733
0.307828655	0.0022696888	7.31893163e-05	0.0020952364922558735
0.308448627	0.0022886872	7.34916771e-05	0.002078609444443947
0.3090686	0.002367798	7.48235959e-05	0.002063387054437716
0.309688573	0.0022696016	7.55336739e-05	0.00204953432246403
0.310308545	0.0023323628	7.66333379e-05	0.0020370164809061946
0.310928518	0.0022682002	7.66814654e-05	0.002025798951582581
0.31154849	0.0021163654	7.64222168e-05	0.002015847489571765
0.312168463	0.0022406763	7.57260645e-05	0.002007128045724017
0.312788435	0.0022493588	7.45065373e-05	0.001999606902650947
0.313408408	0.0022434599	7.47609219e-05	0.0019932505690829104
0.31402838	0.0021489333	7.47744452e-05	0.0019880258841007644
0.314648353	0.0022686122	7.39818604e-05	0.0019838999415968785
0.315268325	0.0021587728	7.38608589e-05	0.001980840164475588
0.315888298	0.0022526855	7.43811158e-05	0.0019788142575052126
0.316508271	0.0021876806	7.36844051e-05	0.001977790252323869
0.317128243	0.0022190383	7.3919977e-05	0.0019777364913046987
0.317748216	0.0022507253	7.40386968e-05	0.0019786216403162083
0.318368188	0.0022509231	7.3715313e-05	0.001980414691110487
0.318988161	0.0022752984	7.37714731e-05	0.0019830849778674424
0.319608133	0.0022088876	7.42093691e-05	0.0019866021594490734
0.320228106	0.0022510426	7.38285358e-05	0.001990936258593857
0.320848078	0.0022834067	7.40333628e-05	0.0019960576215292203
0.321468051	0.0021962121	7.40455347e-05	0.0020019369782530994
0.322088023	0.0023229101	7.37518939e-05	0.0020085453810549637
0.322707996	0.002210761	7.37343524e-05	0.002015854284357843
0.323327969	0.0023893277	7.39486744e-05	0.0020238354770632243
0.323947941	0.0022185409	7.37284687e-05	0.0020324611134609053
0.324567914	0.0022004686	7.39015235e-05	0.0020417037634719963
0.325187886	0.002292726	7.38132431e-05	0.0020515363162194864
0.325807859	0.0022641232	7.34718515e-05	0.0020619321023384166
0.326427831	0.0021855458	7.40238255e-05	0.002072864770362617
0.327047804	0.0021855814	7.38795652e-05	0.0020843084235503155
0.327667776	0.0022977932	7.37658761e-05	0.0020962374817018415
0.328287749	0.0024441064	7.38307553e-05	0.002108626831147595
0.328907722	0.002245177	7.37958719e-05	0.0021214516943647488
0.329527694	0.0023836778	7.36979932e-05	0.0021346876866936903
0.330147667	0.0024910974	7.40460491e-05	0.0021483108855250973
0.330767639	0.002420467	7.39164205e-05	0.002162297681106125
0.331387612	0.0024402255	7.37521864e-05	0.00217662495378103
0.332007584	0.0025081948	7.40974575e-05	0.0021912698951372235
0.332627557	0.0025103746	7.41468767e-05	0.002206210193993846
0.333247529	0.0024482153	7.43243954e-05	0.0022214238487093417
0.333867502	0.0025616793	7.50137905e-05	0.002236889360750241
0.334487474	0.0024904653	7.48743046e-05	0.002252585539321484
0.335107447	0.0025793618	7.50613912e-05	0.0022684917013897337
0.33572742	0.0024404243	7.56047401e-05	0.0022845874958604593
0.336347392	0.0024911307	7.55031635e-05	0.0023008529784510753
0.336967365	0.0025221313	7.54356814e-05	0.0023172686919158613
0.337587337	0.0025668205	7.57960455e-05	0.002333815481783276
0.33820731	0.0026196802	7.53016079e-05	0.0023504747078684062
0.338827282	0.0026585995	7.54495527e-05	0.002367228030577182
0.339447255	0.002577531	7.51477488e-05	0.0023840576252668923
0.340067227	0.0026928032	7.50208005e-05	0.0024009459655832586
0.3406872	0.0025734806	7.48147784e-05	0.002417876039733952
0.341307172	0.0027108195	7.53801014e-05	0.00243483113179027
0.341927145	0.0027051202	7.50079234e-05	0.002451795038980833
0.342547118	0.0027514184	7.48392509e-05	0.0024687518791847995
0.34316709	0.002842228	7.53735443e-05	0.0024856861717106158
0.343787063	0.0028072003	7.49749981e-05	0.00250258291774006
0.344407035	0.0028124425	7.50420862e-05	0.002519427407704266
0.345027008	0.0027385538	7.52516116e-05	0.0025362054374971823
0.34564698	0.0028858239	7.48307754e-05	0.002552903089390706
0.346266953	0.0028183437	7.45514717e-05	0.002569506946472993
0.346886925	0.0028448228	7.4932508e-05	0.002586003875208121
0.347506898	0.0028356691	7.45935995e-05	0.0026023812373934508
0.34812687	0.0028451263	7.44741927e-05	0.0026186266750691904
0.348746843	0.0027393663	7.50780245e-05	0.002634728319329614
0.349366816	0.0028053189	7.45993608e-05	0.002650674603837342
0.349986788	0.0028313771	7.4622655e-05	0.002666454341915395
0.350606761	0.0028452791	7.54891666e-05	0.0026820567990262223
0.351226733	0.0030239422	7.50925638e-05	0.002697471512470538
0.351846706	0.0029168446	7.71277309e-05	0.002712688489684842
0.352466678	0.0028776936	7.80467303e-05	0.0027276980063555703
0.353086651	0.0029275892	7.80882844e-05	0.0027424907995545612
0.353706623	0.003050787	7.94380988e-05	0.0027570578708880143
0.354326596	0.0029448355	8.03981028e-05	0.002771390673980756
0.354946568	0.0031059634	8.04769771e-05	0.002785480923151176
0.355566541	0.0031080822	8.11702585e-05	0.0027993207747925757
0.356186514	0.0030290391	8.16590653e-05	0.002812902663723466
0.356806486	0.0031196388	8.16643947e-05	0.00282621936957467
0.357426459	0.0030569586	8.26787075e-05	0.0028392640756127263
0.358046431	0.0030881662	8.32101814e-05	0.0028520302156645663
0.358666404	0.0032319303	8.29309532e-05	0.0028645116385044573
0.359286376	0.0031294606	8.28672848e-05	0.002876702439209326
0.359906349	0.003089179	8.17711618e-05	0.002888597116145967
0.360526321	0.003141179	8.05826486e-05	0.0029001904096145163
0.361146294	0.0028715509	7.9592181e-05	0.0029114774511433943
0.361766266	0.0032257918	8.03696811e-05	0.0029224536097173888
0.362386239	0.0031448625	7.90893017e-05	0.002933114633120929
0.363006212	0.0032059477	7.89855889e-05	0.0029434565184362077
0.363626184	0.0032556863	7.93385823e-05	0.002953475563098714
0.364246157	0.0031015339	7.87189607e-05	0.002963168406640796
0.364866129	0.0031808498	7.86726993e-05	0.0029725319144161756
0.365486102	0.003187788	7.93447269e-05	0.002981563298138634
0.366106074	0.003128477	7.79044137e-05	0.0029902599905245616
0.366726047	0.0031220267	7.84131611e-05	0.002998619757220209
0.367346019	0.0032276457	7.86200487e-05	0.003006640579969037
0.367965992	0.0032448263	7.80887809e-05	0.0030143207598060957
0.368585964	0.0032501766	7.83344802e-05	0.003021658808876891
0.369205937	0.0032827292	7.87905542e-05	0.003028653544805554
0.36982591	0.0033294721	7.76769421e-05	0.003035304001712973
0.370445882	0.0031357692	7.80984248e-05	0.003041609463447805
0.371065855	0.0031287299	7.84995312e-05	0.003047569486801872
0.371685827	0.0032105758	7.78056627e-05	0.003053183826890893
0.3723058	0.0032175881	7.80330481e-05	0.0030584525092242605
0.372925772	0.0033070845	7.84722996e-05	0.00306337575240785
0.373545745	0.0032301342	7.7556737e-05	0.0030679540312678714
0.374165717	0.0031052161	7.77995199e-05	0.003072188008444038
0.37478569	0.0033227663	7.79111153e-05	0.0030760785885882887
0.375405662	0.0031514615	7.71066422e-05	0.0030796268588335843
0.376025635	0.0031703421	7.77123684e-05	0.0030828341341109016
0.376645608	0.0031395124	7.73172864e-05	0.0030857019108091357
0.37726558	0.0032200251	7.68121482e-05	0.003088231881511681
0.377885553	0.0032892036	7.72501398e-05	0.0030904259398796853
0.378505525	0.00313882	7.73601014e-05	0.0030922861485480767
0.379125498	0.0031366699	7.64102252e-05	0.003093814762567179
0.37974547	0.0030569139	7.67466875e-05	0.003095014200504195
0.380365443	0.0032970588	7.64526786e-05	0.003095887059318231
0.380985415	0.0031714504	7.63893788e-05	0.003096436094006962
0.381605388	0.0030748721	7.65732267e-05	0.0030966642240475477
0.382225361	0.0031920144	7.70596678e-05	0.0030965745210630204
0.382845333	0.0031653138	7.62730878e-05	0.0030961702089750825
0.383465306	0.0032202188	7.66943199e-05	0.0030954546549493136
0.384085278	0.0030296351	7.66814244e-05	0.0030944313704418924
0.384705251	0.0033021356	7.64394728e-05	0.003093103997243926
0.385325223	0.0031237947	7.67429325e-05	0.0030914763159335737
0.385945196	0.0031802364	7.66312806e-05	0.0030895522240772582
0.386565168	0.0032030873	7.63200578e-05	0.00308733575253178
0.387185141	0.0033145256	7.67670369e-05	0.0030848310360035457
0.387805113	0.0031455396	7.6515777e-05	0.003082042337005708
0.388425086	0.0032284308	7.63526945e-05	0.0030789740089890915
0.389045059	0.003132052	7.68621442e-05	0.0030756305221343516
0.389665031	0.0032772433	7.67827998e-05	0.003072016447341988
0.390285004	0.0031316271	7.64110146e-05	0.003068136432270576
0.390904976	0.003072018	7.65641302e-05	0.003063995238773231
0.391524949	0.0031601583	7.66599424e-05	0.0030595976884663107
0.392144921	0.0032465291	7.61363246e-05	0.003054948711770174
0.392764894	0.0030134295	7.67259958e-05	0.003050053286882493
0.393384866	0.0031654803	7.64482486e-05	0.0030449164954541464
0.394004839	0.0031268689	7.62663786e-05	0.0030395434552255842
0.394624811	0.0030866562	7.67916084e-05	0.003033939382085027
0.395244784	0.0029710883	7.63086362e-05	0.003028109516633763
0.395864757	0.0030232175	7.60537449e-05	0.0030220591824323285
0.396484729	0.0029902489	7.68587457e-05	0.0030157937564369323
0.397104702	0.0030982412	7.64340967e-05	0.0030093186330845062
0.397724674	0.0029973895	7.58215567e-05	0.003002639291930326
0.398344647	0.0030692585	7.65931618e-05	0.002995761210239801
0.398964619	0.0030288211	7.62325805e-05	0.0029886899452922907
0.399584592	0.0030794235	7.59954744e-05	0.002981431041878518
0.400204564	0.0030752079	7.66323619e-05	0.002973990119767623
0.400824537	0.0030229208	7.58861583e-05	0.0029663727763990333
0.401444509	0.0029954719	7.57215016e-05	0.0029585846792286826
0.402064482	0.0030175689	7.62647278e-05	0.0029506314639070577
0.402684455	0.0027378142	7.5891984e-05	0.0029425188180064394
0.403304427	0.0030034419	7.54236326e-05	0.0029342524410339876
0.4039244	0.0027906241	7.64159184e-05	0.0029258379998739264
0.404544372	0.0029379217	7.57159149e-05	0.0029172812193739286
0.405164345	0.0028448471	7.57962485e-05	0.00290858777052697
0.405784317	0.0029440296	7.65153911e-05	0.0028997633776200985
0.40640429	0.0028203895	7.60772363e-05	0.0028908137029354138
0.407024262	0.0028923724	7.59170677e-05	0.0028817444574724387
0.407644235	0.0028660926	7.65948274e-05	0.0028725612824638796
0.408264207	0.0028292343	7.59712006e-05	0.002863269863379623
0.40888418	0.0028753826	7.58881359e-05	0.002853875808551946
0.409504153	0.0027581475	7.62164203e-05	0.0028443847507859323
0.410124125	0.0029012132	7.59571686e-05	0.0028348023003073814
0.410744098	0.002711821	7.59884658e-05	0.0028251339949565395
0.41136407	0.0027476372	7.64918793e-05	0.00281538540605439
0.411984043	0.0026779712	7.57278765e-05	0.002805562011078554
0.412604015	0.0027388549	7.60245158e-05	0.0027956693168706163
0.413223988	0.0027585747	7.65035986e-05	0.002785712730436221
0.41384396	0.0028304357	7.57875503e-05	0.002775697684138585
0.414463933	0.0027581098	7.60382588e-05	0.002765629504905653
0.415083905	0.0027639418	7.60834048e-05	0.0027555135411294245
0.415703878	0.0026045255	7.5705087e-05	0.0027453550305589457
0.416323851	0.0027621096	7.58940591e-05	0.0027351592121560744
0.416943823	0.0027048455	7.63669424e-05	0.0027249312753129286
0.417563796	0.0026040253	7.55862662e-05	0.0027146763080488096
0.418183768	0.0025052718	7.61391964e-05	0.002704399410621513
0.418803741	0.0024776201	7.61030159e-05	0.002694105561323417
0.419423713	0.0026958039	7.55845772e-05	0.002683799747203425
0.420043686	0.0025882866	7.58031258e-05	0.0026734868294856435
0.420663658	0.0025705259	7.62500159e-05	0.0026631716747901194
0.421283631	0.0026608151	7.56899202e-05	0.002652859020428876
0.421903603	0.002403745	7.58222358e-05	0.0026425536058719474
0.422523576	0.0024452661	7.56621543e-05	0.0026322600381691553
0.423143549	0.0023917143	7.56908392e-05	0.002621982906853071
0.423763521	0.0025076566	7.59947091e-05	0.0026117267325334106
0.424383494	0.002553367	7.61559631e-05	0.0026014959160285313
0.425003466	0.0025169226	7.55885813e-05	0.002591294852763076
0.425623439	0.0025231072	7.58510912e-05	0.002581127799545629
0.426243411	0.0025856737	7.58365908e-05	0.002570999004989419
0.426863384	0.0024269998	7.55581916e-05	0.002560912577229868
0.427483356	0.0023987081	7.60047749e-05	0.002550872613531174
0.428103329	0.0023180993	7.55487126e-05	0.002540883069159463
0.428723301	0.0024133345	7.56108193e-05	0.002530947885959668
0.429343274	0.0023474039	7.590349e-05	0.002521070862592044
0.429963247	0.0024045919	7.57127978e-05	0.002511255766091924
0.430583219	0.002423574	7.56406783e-05	0.002501506282567039
0.431203192	0.0023825152	7.58011079e-05	0.0024918259697473606
0.431823164	0.0023252173	7.58694973e-05	0.0024822183661164805
0.432443137	0.0023325599	7.53793524e-05	0.002472686865411646
0.433063109	0.0022569456	7.58379781e-05	0.0024632348400124575
0.433683082	0.0024006669	7.56156866e-05	0.002453865517466187
0.434303054	0.0022198262	7.5247828e-05	0.002444582101975199
0.434923027	0.0022871315	7.61122165e-05	0.0024353876531174276
0.435543	0.0022905166	7.57375978e-05	0.002426285190655464
0.436162972	0.0023871064	7.54474736e-05	0.0024172776486446135
0.436782945	0.0023445203	7.56964182e-05	0.002408367832260351
0.437402917	0.0023343974	7.56298443e-05	0.0023995585189011508
0.43802289	0.0021792363	7.51462722e-05	0.0023908523430823596
0.438642862	0.0021979382	7.59705995e-05	0.0023822519099807003
0.439262835	0.0023544412	7.55523855e-05	0.0023737596830484143
0.439882807	0.0022411731	7.53132589e-05	0.0023653780949560183
0.44050278	0.0023459522	7.57157886e-05	0.0023571094380567116
0.441122752	0.0023631134	7.56789863e-05	0.002348955972595746
0.441742725	0.0021479211	7.53075742e-05	0.00234091982014614
0.442362698	0.0020779839	7.60020193e-05	0.002333003056289644
0.44298267	0.002219465	7.53748591e-05	0.002325207670496738
0.443602643	0.0020550751	7.5051889e-05	0.002317535529513198
0.444222615	0.0022874557	7.58195554e-05	0.0023099884651604633
0.444842588	0.0021522816	7.55067628e-05	0.0023025681756707237
0.44546256	0.002176336	7.51059315e-05	0.0022952763234196
0.446082533	0.0021858443	7.5942055e-05	0.002288114439586183
0.446702505	0.0021230316	7.53564452e-05	0.002281084018668484
0.447322478	0.0019950244	7.5147791e-05	0.0022741864265496815
0.44794245	0.0022344983	7.61022736e-05	0.002267422991712729
0.448562423	0.0019737223	7.50670322e-05	0.0022607949167853976
0.449182396	0.0020979001	7.52648229e-05	0.0022543033560189414
0.449802368	0.0019682403	7.69515639e-05	0.0022479493821761704
0.450422341	0.0020676386	7.78257182e-05	0.00224173395741417
0.451042313	0.0020195129	7.90299353e-05	0.0022356580051364036
0.451662286	0.002033547	7.98236184e-05	0.002229722330496585
0.452282258	0.0023184954	7.97930159e-05	0.0022239276995242967
0.452902231	0.0021776711	8.10192299e-05	0.0022182747632952648
0.453522203	0.0020323299	8.11695867e-05	0.0022127641334840553
0.454142176	0.0020275194	8.05161817e-05	0.002207396310235918
0.454762148	0.0020497582	8.0961276e-05	0.0022021717541085293
0.455382121	0.0022084066	8.14181744e-05	0.0021970908176726497
0.456002094	0.0022214054	8.14103438e-05	0.002192153805965681
0.456622066	0.0020971654	8.21557345e-05	0.002187360951075958
0.457242039	0.0019597459	8.15638401e-05	0.0021827123909275215
0.457862011	0.002110286	7.92073201e-05	0.00217820822376787
0.458481984	0.0020187125	7.85792684e-05	0.002173848449159511
0.459101956	0.0020389097	7.86655272e-05	0.0021696330270956736
0.459721929	0.0019332302	7.82574777e-05	0.002165561822756327
0.460341901	0.002017063	7.80099524e-05	0.0021616346619364062
0.460961874	0.0019889225	7.82140861e-05	0.002157851279560236
0.461581846	0.0020775636	7.7542408e-05	0.002154211371425185
0.462201819	0.0019674786	7.79987766e-05	0.002150714546461583
0.462821792	0.0020368051	7.80530875e-05	0.002147360369506118
0.463441764	0.0020742269	7.73294184e-05	0.0021441483437648085
0.464061737	0.002062521	7.80535987e-05	0.002141077897430433
0.464681709	0.0020294469	7.80342183e-05	0.002138148420516096
0.465301682	0.0021662711	7.79672943e-05	0.002135359226379566
0.465921654	0.0021351207	7.80085548e-05	0.002132709590690242
0.466541627	0.0019134442	7.78569614e-05	0.002130198716603227
0.467161599	0.0019788655	7.77440904e-05	0.0021278257701359466
0.467781572	0.0020550324	7.79547218e-05	0.002125589848951101
0.468401544	0.0020323626	7.78328932e-05	0.002123490014180557
0.469021517	0.0018150013	7.73227693e-05	0.0021215252627707795
0.46964149	0.002478227	8.09215579e-05	0.0021196945529518055
0.470261462	0.0019817693	7.74231075e-05	0.0021179967943202784
0.470881435	0.0019321304	7.77000236e-05	0.0021164308418189005
0.471501407	0.0019559168	7.83953252e-05	0.0021149955156011704
0.47212138	0.0019171379	7.74735122e-05	0.0021136895820458588
0.472741352	0.0020705326	7.71539812e-05	0.0021125117735205957
0.473361325	0.0018923046	7.8184298e-05	0.0021114607727563436
0.473981297	0.0019721915	7.77711748e-05	0.002110535229292744
0.47460127	0.0019343548	7.76039026e-05	0.00210973374714434
0.475221242	0.0019694108	7.84192659e-05	0.002109054897992806
0.475841215	0.001958136	7.78190363e-05	0.002108497212072516
0.476461188	0.0020283059	7.79090445e-05	0.0021080591875681236
0.47708116	0.0018762314	7.86586265e-05	0.002107739287697366
0.477701133	0.0021147634	7.79620486e-05	0.0021075359412656867
0.478321105	0.002021633	7.77946349e-05	0.0021074475470405922
0.478941078	0.001989344	7.86161043e-05	0.002107472472343879
0.47956105	0.0018524946	7.7741592e-05	0.0021076090554289634
0.480181023	0.0020457183	7.82546242e-05	0.0021078556070100634
0.480800995	0.0020178065	7.81603964e-05	0.0021082104097276217
0.481420968	0.0020904869	7.81819476e-05	0.0021086717225265385
0.48204094	0.0019869266	7.8282063e-05	0.0021092377772947046
0.482660913	0.0019776724	7.88350918e-05	0.0021099067859996494
0.483280886	0.0020108855	7.80581644e-05	0.002110676935910827
0.483900858	0.0019882928	7.83010606e-05	0.0021115463927874395
0.484520831	0.0019689855	7.85590951e-05	0.0021125133069946063
0.485140803	0.0020032611	7.79909911e-05	0.0021135758044609865
0.485760776	0.0021353341	7.8773169e-05	0.0021147320002991195
0.486380748	0.0021024499	7.85023066e-05	0.002115979986257635
0.487000721	0.0020314345	7.82662558e-05	0.002117317846764747
0.487620693	0.0021765531	7.87227481e-05	0.0021187436439672937
0.488240666	0.0019680435	7.86725907e-05	0.002120255436097461
0.488860638	0.0019446265	7.87107517e-05	0.0021218512601960636
0.489480611	0.0021498817	7.90004551e-05	0.0021235291527011667
0.490100584	0.001996444	7.86883097e-05	0.002125287132853593
0.490720556	0.0020276218	7.88079594e-05	0.0021271232109094595
0.491340529	0.0021083687	7.89642769e-05	0.0021290353986654475
0.491960501	0.0019420848	7.91857696e-05	0.002131021689468733
0.492580474	0.0021244923	7.90405596e-05	0.0021330800839099214
0.493200446	0.0020094079	7.95848924e-05	0.0021352085652275687
0.493820419	0.0022095945	7.94445929e-05	0.0021374051268606034
0.494440391	0.0021598999	7.95366196e-05	0.0021396677459904734
0.495060364	0.002018845	7.98343188e-05	0.0021419944128482147
0.495680337	0.0020269755	7.94013964e-05	0.0021443831063988365
0.496300309	0.0020632529	7.97336132e-05	0.0021468318057887847
0.496920282	0.0020437776	8.02170907e-05	0.0021493385035792766
0.497540254	0.0021059503	7.98333566e-05	0.0021519011787844763
0.498160227	0.0020432132	7.96204417e-05	0.002154517830105627
0.498780199	0.0021787032	8.0296609e-05	0.0021571864437656485
0.499400172	0.0021028802	7.9819568e-05	0.0021599050281306703
0.500020144	0.0021454514	8.01119689e-05	0.0021626715801456977
0.500640117	0.0020289309	8.0479859e-05	0.002165484121239343
0.501260089	0.0021431459	7.98516501e-05	0.0021683406624630917
0.501880062	0.0021145956	8.01787353e-05	0.002171239241575691
0.502500035	0.0020272129	8.06258455e-05	0.0021741778917591776
0.503120007	0.0021969056	7.99579411e-05	0.0021771546559240774
0.50373998	0.0020971242	8.06217893e-05	0.002180167602161189
0.504359952	0.0021299939	8.11034716e-05	0.002183214790726165
0.504979925	0.0019951594	8.04761542e-05	0.002186294313625896
0.505599897	0.0020428965	8.08678147e-05	0.0021894042560179467
0.50621987	0.0021167287	8.15774101e-05	0.0021925427366218083
0.506839842	0.0021187874	8.104658e-05	0.0021957078682738012
0.507459815	0.0020665803	8.17291008e-05	0.0021988977990646382
0.508079787	0.0020600573	8.23284181e-05	0.0022021106721471636
0.50869976	0.0021005213	8.15103885e-05	0.002205344667503182
0.509319733	0.0021209786	8.2306136e-05	0.0022085979663620642
0.509939705	0.00215328	8.24712549e-05	0.0022118687671910144
0.510559678	0.0021244148	8.25746431e-05	0.0022151553022284323
0.51117965	0.0020755933	8.26327969e-05	0.0022184558010398545
0.511799623	0.002182519	8.3118119e-05	0.0022217685334444985
0.512419595	0.0022049845	8.35302234e-05	0.0022250917674529152
0.513039568	0.0020963058	8.41892079e-05	0.0022284238124969376
0.51365954	0.0020184033	8.36035573e-05	0.002231762977038798
0.514279513	0.0021452631	8.43068012e-05	0.0022351076120157845
0.514899485	0.0020752066	8.42172499e-05	0.0022384560682087926
0.515519458	0.0020125626	8.48482632e-05	0.002241806739815169
0.516139431	0.0020844385	8.50820999e-05	0.002245158027067759
0.516759403	0.0022738809	8.55965126e-05	0.0022485083528257397
0.517379376	0.0021546798	8.54202403e-05	0.0022518561791664833
0.517999348	0.0021587247	8.56319728e-05	0.002255199969926869
0.518619321	0.002145492	8.6450978e-05	0.002258538234232997
0.519239293	0.0023118037	8.61925318e-05	0.002261869483688683
0.519859266	0.002131856	8.63263871e-05	0.0022651922757487564
0.520479238	0.0020645731	8.59621433e-05	0.0022685051710358596
0.521099211	0.0021221607	8.63484855e-05	0.0022718067764815534
0.521719183	0.0022913332	8.65751199e-05	0.0022750957028469083
0.522339156	0.0023504863	8.68552286e-05	0.002278370607558212
0.522959129	0.0022013876	8.69474401e-05	0.0022816301577488272
0.523579101	0.0022813659	8.71560373e-05	0.0022848730464965095
0.524199074	0.0022666997	8.68756139e-05	0.0022880980085994585
0.524819046	0.0021986148	8.74790685e-05	0.0022913037842141382
0.525439019	0.0024149682	8.74342304e-05	0.0022944891606245512
0.526058991	0.0022517096	8.75732479e-05	0.0022976529310340024
0.526678964	0.0023127555	8.76263559e-05	0.002300793935793753
0.527298936	0.0021863539	8.7884661e-05	0.002303911021706549
0.527918909	0.0021988497	8.80291731e-05	0.00230700308265363
0.528538881	0.0022471982	8.80721178e-05	0.00231006901947113
0.529158854	0.0021212911	8.83604591e-05	0.0023131077799171907
0.529778827	0.0022975233	8.85815716e-05	0.0023161183240122504
0.530398799	0.0021408625	8.89217627e-05	0.0023190996391276968
0.531018772	0.0021527429	8.88673823e-05	0.0023220507542418673
0.531638744	0.0023587101	8.9219373e-05	0.0023249707064216694
0.532258717	0.0023090417	8.89905023e-05	0.0023278585789036294
0.532878689	0.0020852648	8.91976151e-05	0.0023307134634169787
0.533498662	0.0022223324	8.93754765e-05	0.0023335344974231833
0.534118634	0.0022177093	8.98804327e-05	0.002336320827252819
0.534738607	0.0022480047	8.95181263e-05	0.002339071644458054
0.535358579	0.0023391948	9.03958222e-05	0.0023417861498092113
0.535978552	0.0023569901	9.02494305e-05	0.0023444635887175133
0.536598525	0.0023708106	9.0958209e-05	0.0023471032203612047
0.537218497	0.0022300179	9.02691142e-05	0.002349704331004803
0.53783847	0.0022526131	9.07081336e-05	0.0023522662462096802
0.538458442	0.0021965247	9.09175001e-05	0.00235478830151108
0.539078415	0.0021677224	9.12015847e-05	0.0023572698753482023
0.539698387	0.0022289172	9.1602561e-05	0.0023597103563909416
0.54031836	0.0021914352	9.1146793e-05	0.002362109175412874
0.540938332	0.0022160067	9.19837752e-05	0.0023644657736499155
0.541558305	0.002138283	9.20025289e-05	0.0023667796335860407
0.542178277	0.0023683224	9.26849557e-05	0.002369050248374626
0.54279825	0.0022931215	9.26754684e-05	0.002371277151509428
0.543418223	0.0022530763	9.25331822e-05	0.0023734598908215494
0.544038195	0.0023818437	9.29120282e-05	0.00237559803958662
0.544658168	0.0022674383	9.30546281e-05	0.0023776912063413935
0.54527814	0.0021833912	9.28761267e-05	0.0023797390107062532
0.545898113	0.0022698896	9.34088077e-05	0.002381741110166568
0.546518085	0.0021923784	9.34301041e-05	0.002383697173417401
0.547138058	0.0022104765	9.35365496e-05	0.00238560690595473
0.54775803	0.0023550015	9.38258005e-05	0.0023874700245887052
0.548378003	0.0023040924	9.4043722e-05	0.0023892862818289335
0.548997976	0.002214428	9.43104095e-05	0.0023910554443983163
0.549617948	0.0023170415	9.42789929e-05	0.002392777302321491
0.550237921	0.0023720359	9.47252798e-05	0.002394451676639795
0.550857893	0.002097632	9.44794835e-05	0.0023960783998802616
0.551477866	0.0023821994	9.49444717e-05	0.00239765733737301
0.552097838	0.0022535777	9.50619763e-05	0.002399188365968582
0.552717811	0.0022935335	9.58285018e-05	0.0024006713941131567
0.553337783	0.0022840703	9.61596802e-05	0.00240210634178986
0.553957756	0.0022988726	9.59868949e-05	0.0024034931593466483
0.554577728	0.0022984661	9.66039306e-05	0.0024048318086675297
0.555197701	0.0022770903	9.6620115e-05	0.0024061222807501663
0.555817674	0.0022950872	9.65816117e-05	0.0024073645800757083
0.556437646	0.0023230882	9.68535098e-05	0.002408558731110508
0.557057619	0.002260915	9.68760954e-05	0.0024097047834056333
0.557677591	0.0021788783	9.73016995e-05	0.0024108027979749844
0.558297564	0.0022494043	9.73376464e-05	0.0024118528617480825
0.558917536	0.0023312971	9.74443149e-05	0.0024128550730616967
0.559537509	0.0024086692	9.76153419e-05	0.0024138095548683638
0.560157481	0.0023150617	9.76926671e-05	0.002414716441458465
0.560777454	0.002202786	9.82413802e-05	0.002415575890430575
0.561397426	0.0023318689	9.78793912e-05	0.0024163880706386857
0.562017399	0.0023260527	9.81048538e-05	0.002417153172932314
0.562637372	0.0021719432	9.83316575e-05	0.002417871400442536
0.563257344	0.0023110018	9.86441041e-05	0.002418542972497556
0.563877317	0.0023227195	9.91211303e-05	0.0024191681271760754
0.564497289	0.0024725419	9.94081261e-05	0.002419747113554394
0.565117262	0.0024228771	9.97721546e-05	0.00242028019941686
0.565737234	0.0021553005	9.96586414e-05	0.0024207676634236484
0.566357207	0.0021682847	0.000100589207	0.0024212098016319875
0.566977179	0.0022694959	0.000101328443	0.0024216069208436697
0.567597152	0.0022764475	0.000100494684	0.002421959343952254
0.568217124	0.0022965469	0.00010132805	0.0024222674044558743
0.568837097	0.0021008374	0.000101889535	0.002422531450647037
0.56945707	0.0023508736	0.000102189168	0.0024227518415953176
0.570077042	0.0020127957	0.000102021632	0.002422928948595342
0.570697015	0.0024558141	0.000102891948	0.0024230631553480374
0.571316987	0.0022151759	0.000102861624	0.002423154855775594
0.57193696	0.0022286426	0.000103640059	0.0024232044553990574
0.572556932	0.0022967516	0.000104347596	0.0024232123697959765
0.573176905	0.0022955326	0.000104492473	0.0024231790248888034
0.573796877	0.0023663889	0.000104400824	0.002423104856486251
0.57441685	0.0022456659	0.00010469604	0.0024229903095045547
0.575036822	0.002339962	0.000105102101	0.0024228358385711616
0.575656795	0.0021613756	0.000105203615	0.002422641906201908
0.576276768	0.0020031185	0.000106039181	0.0024224089840377628
0.57689674	0.0020901642	0.000106349556	0.00242213755203633
0.577516713	0.0020837674	0.000106372866	0.0024218280965336778
0.578136685	0.0021762509	0.000107121957	0.0024214811131227213
0.578756658	0.0022994122	0.00010758274	0.0024210971023269773
0.57937663	0.0022452045	0.000108075404	0.0024206765737400065
0.579996603	0.0023393033	0.000107887814	0.002420220040742624
0.580616575	0.0023457786	0.000108568827	0.002419728025596891
0.581236548	0.0022408358	0.000108861574	0.0024192010532334625
0.58185652	0.0022781719	0.000109419315	0.0024186396572740123
0.582476493	0.0022673151	0.000109782985	0.0024180443729160113
0.583096466	0.0022948236	0.000110423767	0.002417415742816273
0.583716438	0.002320838	0.000110605911	0.002416754314303821
0.584336411	0.0022441973	0.000111414881	0.002416060635628133
0.584956383	0.0024312353	0.000112022377	0.0024153352632514022
0.585576356	0.0023607269	0.000112311499	0.0024145787525997305
0.586196328	0.0022074571	0.000111621952	0.002413791667120844
0.586816301	0.0023887928	0.000112776863	0.002412974568232125
0.587436273	0.0022846961	0.000112901495	0.00241212802518233
0.588056246	0.002312226	0.000113396924	0.002411252604225709
0.588676218	0.0022584896	0.000113997226	0.002410348879258913
0.589296191	0.0021874208	0.000114783045	0.00240941742025072
0.589916164	0.0021583118	0.000115012664	0.002408458803057213
0.590536136	0.0022162783	0.000115778657	0.00240747360497591
0.591156109	0.0023720631	0.000117030773	0.002406462399515658
0.591776081	0.0023134378	0.000117401113	0.002405425767363564
0.592396054	0.0024026894	0.000117540042	0.002404364283084003
0.593016026	0.002310833	0.000118026154	0.0024032785282382405
0.593635999	0.0022763717	0.000118427791	0.0024021690774435663
0.594255971	0.0022955126	0.000119080211	0.0024010365121357627
0.594875944	0.002375846	0.000119232511	0.0023998814060183444
0.595495916	0.002342025	0.000119524284	0.0023987043394381982
0.596115889	0.0024356064	0.000120412259	0.0023975058842548797
0.596735862	0.0020773484	0.000120250346	0.002396286616816635
0.597355834	0.0023354281	0.000121310002	0.0023950471121952296
0.597975807	0.0024191455	0.000121810156	0.002393787937821204
0.598595779	0.0023967428	0.000121726502	0.002392509667346817
0.599215752	0.0023440553	0.000122543225	0.0023912128641958375
0.599835724	0.0019994936	0.000123456996	0.0023898980978521974
