# -----------------------------------
# SAS_MoCa Version 1.4.0
# Fri Apr 24 11:04:43 2026
# -----------------------------------
datafile:	./DMPC_50C_tmp_submission.dat
save-folder:	RES_DMPC-example
qrange:	[0.005, 0.6]
model:	LUV_DMPC
temperature-init:	400
temperature-gain:	50
target-X2:	10
data-binning:	1
error-scale:	1
iterations:	100
processes:	24
plot-only:	False
state:	0
# -----------------------------------
# Probabilities of finding a quasimolecular group at a position z (Angstrom) (distance from the bilayer center).
# SLD column: SLD contrast (difference from suspension medium) as a function of z; unit Angstrom^-2.
# -----------------------------------
z	CH3	CH2	CG	PCN	Chol	BW	SLD
0.0	0.6970656029331845	0.3029336241635747	1.2311563471897578e-07	1.9218881290193327e-09	3.1999776904738754e-09	2.582141198326287e-07	-3.7196934580494294e-06
0.10137673159414302	0.696116063089533	0.30388314738739763	1.5505311271922818e-07	2.3963876824829524e-09	3.915291518309425e-09	3.154683154678656e-07	-3.7165390172873893e-06
0.20275346318828605	0.6932751972683785	0.3067239627458562	1.9492362240748625e-07	2.9840773468426333e-09	4.7850213297607116e-09	3.8469935839224476e-07	-3.707101706316999e-06
0.3041301947824291	0.6885661611700423	0.3114329127115055	2.446049050108185e-07	3.7109670288075057e-09	5.841256454047817e-09	4.68247520218309e-07	-3.691458434785776e-06
0.4055069263765721	0.6820271982032701	0.3179717507717186	3.06395620401246e-07	4.608802931850186e-09	7.122480864854671e-09	5.688740606463359e-07	-3.6697362284025388e-06
0.5068836579707151	0.6737111223165597	0.3262876585080763	3.8310396646178174e-07	5.7162761879859296e-09	8.674789193973879e-09	6.898293501327095e-07	-3.642110510424605e-06
0.6082603895648582	0.6636846077251553	0.33631395574182266	4.781536191717298e-07	7.080473347725118e-09	1.0553322010897286e-08	8.349304969437474e-07	-3.608802741539047e-06
0.7096371211590011	0.6520272988940649	0.3479709903824456	5.957100812960293e-07	8.758614331957511e-09	1.2823957537598179e-08	1.0086495142946743e-06	-3.570077462501795e-06
0.8110138527531442	0.638830757392778	0.3611671913603407	7.408310150423698e-07	1.0820131462288794e-08	1.5565302818828336e-08	1.2162131228153305e-06	-3.5262387947088096e-06
0.9123905843472873	0.624197265094252	0.3758002651668091	9.196446857585654e-07	1.3349152489142222e-08	1.887103405851015e-08	1.463715332056171e-06	-3.4776264633601494e-06
1.0137673159414302	0.6082385055852904	0.39175851412923923	1.1395612656648496e-06	1.6447461314762515e-08	2.2852643468327953e-08	1.758243988143434e-06	-3.4246114158280973e-06
1.1151440475355732	0.5910741475370876	0.4089222526667736	1.4095224448046857e-06	2.0238022568439234e-08	2.7642658672499726e-08	2.1080224981400896e-06	-3.367591114086655e-06
1.2165207791297163	0.5728303551176269	0.42716529643790857	1.7402955768579187e-06	2.4869170565441344e-08	3.339841060179232e-08	2.5225679512942682e-06	-3.306984584482494e-06
1.3178975107238593	0.5536382512913659	0.4463564985267333	2.1448194560053804e-06	3.051957972715519e-08	4.030643703149405e-08	3.0128668455586346e-06	-3.2432273106591012e-06
1.4192742423180023	0.5336323600415953	0.4663613066235095	2.638609783110429e-06	3.7404152543868994e-08	4.858762162679068e-08	3.5915695853252087e-06	-3.176766056070818e-06
1.5206509739121454	0.5129490531778037	0.4870433155272412	3.240233439961627e-06	4.578098293977044e-08	5.850318272321842e-08	4.273204847765592e-06	-3.1080537012776794e-06
1.6220277055062884	0.4917250264799238	0.5082657902071698	3.971861853254009e-06	5.595957780028271e-08	7.036164227236692e-08	5.074414806198743e-06	-3.0375441781803783e-06
1.7234044371004313	0.4700958285226051	0.5298931360676342	4.859914998326249e-06	6.831054782684935e-08	8.452692362147883e-08	6.014212048993146e-06	-2.9656875786672725e-06
1.8247811686945745	0.4481944636667992	0.5517922949153156	5.935808967945825e-06	8.327701121087317e-08	1.0142774728299272e-07	7.114258834826127e-06	-2.892925508972053e-06
1.9261579002887175	0.4261500884641397	0.5738340473683496	7.236821513387956e-06	1.0138799032040486e-07	1.215685168147729e-07	8.399169072527224e-06	-2.819686753584686e-06
2.0275346318828604	0.40408681816095654	0.5958942050040581	8.807091551246558e-06	1.2327412316136178e-07	1.4554191261761452e-07	9.896833102934264e-06	-2.7463833040491682e-06
2.1289113634770036	0.38212265718795374	0.6178546783414409	1.069877031477122e-05	1.4968605833824565e-07	1.7404344012265122e-07	1.1638764981655498e-05	-2.6734067986675263e-06
2.2302880950711463	0.36036856455639926	0.6396044097183116	1.297334360486833e-05	1.8151595516383138e-07	2.0788821076129882e-07	1.3660471517919749e-05	-2.6011254092688535e-06
2.3316648266652895	0.33892766203069497	0.6610401631724836	1.570314645143865e-05	2.1982257005610473e-07	2.480302695720245e-07	1.600184179896116e-05	-2.5298812010560503e-06
2.4330415582594327	0.31789458988736335	0.6820671664948066	1.8973093414494374e-05	2.6586047705178194e-07	2.9558482260180857e-07	1.8707555335419613e-05	-2.4599879813670787e-06
2.5344182898535754	0.2973550120750428	0.7025996036158733	2.2882649715841592e-05	3.2111404482943256e-07	3.518537607172157e-07	2.1827506281256515e-05	-2.391729643225271e-06
2.6357950214477186	0.2773852697265745	0.7225609583503644	2.7548070370091862e-05	3.873368757702033e-07	4.183549243706793e-07	2.541724042461627e-05	-2.3253590000291897e-06
2.7371717530418618	0.25805217930293084	0.7418842131930508	3.3104936446596116e-05	4.665975050126816e-07	4.968556065987364e-07	2.9538400811389396e-05	-2.261097098846881e-06
2.8385484846360045	0.23941296922117833	0.7605119092868526	3.971101950343157e-05	5.61332259919224e-07	5.894108493900122e-07	3.425917695250221e-05	-2.199132991703845e-06
2.9399252162301477	0.22151534667690503	0.7783960758241057	4.754950704578389e-05	6.744062936114183e-07	6.984071518805477e-07	3.965475159093181e-05	-2.13962393712836e-06
3.041301947824291	0.20439768454734789	0.7954980389655424	5.683262352160749e-05	8.09183930997397e-07	8.266122779354837e-07	4.5807737973490385e-05	-2.082695998147882e-06
3.1426786794184336	0.18808931677617946	0.811788121846182	6.780568281728845e-05	9.696096027348111e-07	9.77231925871211e-07	5.28085994997825e-05	-2.0284449979872847e-06
3.2440554110125768	0.1726109295055334	0.8272452483723889	8.075160938722711e-05	1.1603007925524544e-06	1.1539741046550313e-06	6.075604252634861e-05	-1.976937790940525e-06
3.34543214260672	0.15797503443641128	0.8418564642988147	9.599596596777973e-05	1.3866545869475529e-06	1.3611221491598478e-06	6.975737200839566e-05	-1.928213803275862e-06
3.4468088742008627	0.14418651045691275	0.8556163895160619	0.00011391252620389322	1.6549695940749815e-06	1.6036174021855995e-06	7.992879859607418e-05	-1.8822867975641426e-06
3.548185605795006	0.13124319946228005	0.8685266155962074	0.0001349294303642568	1.972585191152288e-06	1.8871526931813084e-06	9.139568479706587e-05	-1.8391468134356663e-06
3.649562337389149	0.11913654247785102	0.8805950624575926	0.00015953596153894236	2.3480402673083868e-06	2.2182778530521383e-06	0.00010429271691263831	-1.7987622383954785e-06
3.7509390689832918	0.10785224265607266	0.8918353075521737	0.000188289978196766	2.7912538517514307e-06	2.6045186211924064e-06	0.00011876398869007819	-1.761081963862009e-06
3.852315800577435	0.09737094241755447	0.9022659002824525	0.00022182603661709895	3.313730255493883e-06	3.0545104249463546e-06	0.000134962982069436	-1.726037583926584e-06
3.953692532171578	0.08766890290632876	0.9119096734580937	0.00026086423338744183	3.928791608514017e-06	3.578148642973762e-06	0.00015305243007329359	-1.693545597338014e-06
4.055069263765721	0.07871867499176798	0.9207930625440596	0.0003062197937564594	4.651840942768033e-06	4.186757102289246e-06	0.00017320404687309703	-1.6635095767672664e-06
4.156445995359864	0.07048975223414468	0.9289454422723796	0.0003588134260345582	5.50065925422393e-06	4.893276703734933e-06	0.00019559811040926884	-1.6358222733704898e-06
4.257822726954007	0.06294919749836717	0.9363984889278123	0.00041968245532508617	6.495740273061546e-06	5.712476221878117e-06	0.0002204228837219354	-1.6103676289145783e-06
4.35919945854815	0.0560622362134087	0.9431855753112592	0.0004899927415383526	7.66066697899042e-06	6.661187482187265e-06	0.00024787386242098046	-1.5870226721338455e-06
4.460576190142293	0.04979281059836712	0.9493412040689089	0.0005710513767860038	9.022534216467184e-06	7.758567280041163e-06	0.00027815283756668153	-1.5656592804334395e-06
4.561952921736436	0.04410409047822787	0.9549004837814637	0.0006643201457846015	1.0612422090159416e-05	9.026388571689037e-06	0.00031146676569644526	-1.546145792440036e-06
4.663329653330579	0.03895893756540717	0.9598986509642933	0.0007714297197407167	1.2465925151487494e-05	1.0489363635505441e-05	0.00034802644089529903	-1.5283484611308837e-06
4.764706384924722	0.034320321263393724	0.9643706399596109	0.00089419453929154	1.4623742719084343e-05	1.21755020713499e-05	0.0003880449677113602	-1.5121327412703665e-06
4.866083116518865	0.03015168513712028	0.9683507016249235	0.0010346283254061982	1.713233600551797e-05	1.411650667486352e-05	0.0004317360384195746	-1.4973644085852474e-06
4.967459848113008	0.02641726417637974	0.9718720707527422	0.0011949601387143364	2.004465804492116e-05	1.634821039016735e-05	0.0004793120236664251	-1.483910511466948e-06
5.068836579707151	0.023082353843379734	0.9749666813050745	0.0013776508875554556	2.3420962725833443e-05	1.8911057706426618e-05	0.0005309818919160937	-1.4716401589672631e-06
5.1702133113012945	0.020113532637293707	0.9776649278186003	0.0015854101632092755	2.7329699524392898e-05	2.185063401857093e-05	0.000586948980361104	-1.4604251514321347e-06
5.271590042895437	0.017478840525169053	0.9799954707348036	0.0018212132573929697	3.1848500798016165e-05	2.5218246617242647e-05	0.0006474086480513972	-1.450140462288536e-06
5.37296677448958	0.01514791608101219	0.9819850829323609	0.0020883181923620946	3.706526873105957e-05	2.9071561104594354e-05	0.000712545850894525	-1.4406645812652977e-06
5.4743435060837236	0.01309209554750441	0.983658534382408	0.002390282568048021	4.3079369212980934e-05	3.347529714732201e-05	0.0007825326878194721	-1.4318797307028435e-06
5.575720237677866	0.011284477294336846	0.9850385116040357	0.0027309800038807738	5.0002940066705875e-05	3.8501987572428094e-05	0.0008575259776952205	-1.4236719676102301e-06
5.677096969272009	0.009699955302323785	0.9861455684585463	0.003114615925616192	5.7962321119871794e-05	4.423280488040784e-05	0.0009376649374128221	-1.415931184788025e-06
5.778473700866153	0.008315225363492326	0.9869981047762225	0.003545742420003443	6.709961361317922e-05	5.075845929027393e-05	0.0010230690427383861	-1.408551024684409e-06
5.879850432460295	0.00710876766550415	0.9876123693470698	0.004029271852948127	7.75743763562608e-05	5.818017243614341e-05	0.00111383616491885	-1.4014287197246495e-06
5.981227164054438	0.00606080933586391	0.9880024839151584	0.004570488920460925	8.956546585957787e-05	6.661073080078171e-05	0.0012100410873496696	-1.394464872687437e-06
6.082603895648582	0.0051532703693911	0.9881804849824876	0.005175060776703709	0.00010327302737753287	7.617562289196379e-05	0.0013117345176380333	-1.3875631903325688e-06
6.1839806272427245	0.004369696163171517	0.9881563804406491	0.005849044860479385	0.00011892064337939789	8.701426403699415e-05	0.0014189427208113749	-1.380630182949154e-06
6.285357358836867	0.0036951796479616035	0.98793821829535	0.006598894021231082	0.00013675764540650945	9.92813124831349e-05	0.0015316679089113676	-1.3735748418261735e-06
6.386734090431011	0.00311627574436424	0.9875321650191388	0.007431458528733291	0.00015706159456199288	0.00011314808024084456	0.001649889530415004	-1.3663083058794632e-06
6.4881108220251535	0.002620910595678787	0.9869425913515036	0.00835398453791621	0.00018014093499848252	0.00012880404178622798	0.0017735666094613883	-1.35874352782941e-06
6.589487553619296	0.0021982877457563067	0.9861721636538949	0.009374108572426234	0.00020633782370555018	0.00014645844334255974	0.0019026412893403282	-1.3507949494367366e-06
6.69086428521344	0.001838793146940869	0.9852219392123677	0.01049984758835874	0.0002360311386378404	0.0001663420149817402	0.0020370437367020033	-1.3423781943907534e-06
6.792241016807583	0.0015339006065671404	0.9840914641557933	0.011739584183860593	0.00026963966575406745	0.00018870878721880837	0.0021766985620762245	-1.3334097865226883e-06
6.893617748401725	0.0012760790156779319	0.9827788729174702	0.013102046531720661	0.0003076254638437329	0.0002138380131100566	0.002321532908133199	-1.3238069000997434e-06
6.994994479995869	0.0010587024546741075	0.9812809884081536	0.014596282631329359	0.0003504974040919051	0.0002420361961021206	0.0024714863493018532	-1.3134871480535073e-06
7.096371211590012	0.0008759640405177787	0.979593422285735	0.016231628504113086	0.0003988148791634134	0.00027363922301028824	0.002626522734526624	-1.30236841311618e-06
7.1977479431841545	0.0007227941709235917	0.9777106748988222	0.01801766999326598	0.0004531916741694597	0.000309014600524471	0.002786644088784923	-1.2903687259840332e-06
7.299124674778298	0.0005947836338806889	0.9756262346469027	0.019964197874732845	0.0005142999892072681	0.0003485637925466517	0.002951906668251039	-1.2774061938014064e-06
7.400501406372441	0.0004881118862903364	0.9733326766381016	0.02208115604223701	0.0005828746002356596	0.0003927246544511011	0.0031224392384977865	-1.2633989814604186e-06
7.5018781379665835	0.0003994806632901215	0.9708217606369107	0.024378582594836107	0.0006597171418680135	0.0004419739590259	0.0032984636147734346	-1.2482653474400526e-06
7.603254869560727	0.0003260529592537952	0.9680845283793834	0.026866543730998622	0.0007457004922348016	0.000496830007400435	0.0034803174681775607	-1.2319237351611023e-06
7.70463160115487	0.0002653973213852995	0.9651114003934294	0.02955506043830669	0.000841773236400659	0.0005578553166887757	0.003668479361595104	-1.214292920107915e-06
7.806008332749013	0.00021543731583762723	0.9618922724985453	0.03245402806218188	0.0009489641809305306	0.0006256593743851191	0.0038635959347527605	-1.1952922122611398e-06
7.907385064343156	0.00017440596273909567	0.9584166121745685	0.03557312893985797	0.0010683868881054452	0.0007009014477382215	0.004066511109093513	-1.1748417126953978e-06
8.008761795937298	0.00014080488862721377	0.9546735549848846	0.03892173839631884	0.0012012441940163962	0.0007842934344124	0.004278297130815568	-1.1528626225200369e-06
8.110138527531442	0.00011336791074028064	0.9506520012182912	0.042508824515977046	0.0013488326703454214	0.0008766027387204989	0.00450028721500991	-1.1292776016791003e-06
8.211515259125585	9.102874556683028e-05	0.946340712877731	0.04634284222614871	0.0015125469851135704	0.0009786551555988048	0.004734109496136259	-1.1040111744784735e-06
8.312891990719727	7.289252222094796e-05	0.9417284110957639	0.05043162235432202	0.001693884113079416	0.0010913377422969845	0.004981721930993157	-1.0769901780753097e-06
8.41426872231387	5.821077790411726e-05	0.9368038739983177	0.05478225644902735	0.0018944473418586684	0.0012156016554918966	0.005245447740914172	-1.048144249550039e-06
8.515645453908014	4.635961635551089e-05	0.9315560349722838	0.05940097828180843	0.0021159500152616306	0.0013524649292192804	0.005528010921304257	-1.0174063465886116e-06
8.617022185502156	3.682071934349043e-05	0.925974081221151	0.06429304307320287	0.00236021895087334	0.0015030151666712238	0.005832571290092987	-9.847132962374162e-07
8.7183989170963	2.9164914621171325e-05	0.9200475524182832	0.06946260560643101	0.002629197464599576	0.001668412116551608	0.00616275849357472	-9.500063656621657e-07
8.819775648690444	2.3038020221783485e-05	0.9137664391916824	0.07491259850623484	0.0029249479308452917	0.001849890102341205	0.006522704339844256	-9.132318483524417e-07
8.921152380284585	1.8148703522260714e-05	0.9071212810990904	0.08064461206448142	0.0032496538032604186	0.002048760270525721	0.006917072788092538	-8.743416587739771e-07
9.022529111878729	1.4258113321847072e-05	0.9001032636798455	0.08665877708619169	0.0036056210176656995	0.0022664126216134844	0.007351086887849635	-8.332939280901352e-07
9.123905843472873	1.1171063572913447e-05	0.8927043141017165	0.09295365230704536	0.003995278695947316	0.002504317785646886	0.007830551937315997	-7.900535932617707e-07
9.225282575067014	8.728567800130452e-06	0.8849171948584593	0.0995261179936844	0.004421179067475385	0.002764028501927421	0.008361874115577936	-7.445929716000846e-07
9.326659306661158	6.801543206079206e-06	0.8767355949184844	0.10637127737894309	0.004885996523051662	0.003047180760864604	0.008952073841057312	-6.968923126994496e-07
9.428036038255302	5.2855226456361145e-06	0.8681542176779502	0.11348236760332879	0.005392525715620845	0.003355494564262425	0.009608793119147634	-6.469403196249966e-07
9.529412769849444	4.096230809035606e-06	0.8591688650338777	0.12085068182975366	0.005943678622082717	0.0036907742590134335	0.010340296166617323	-5.947346312807223e-07
9.630789501443587	3.165897913911989e-06	0.849776516865382	0.1284655041690502	0.006542480481609953	0.004054908398120233	0.011155462639794837	-5.402822580446195e-07
9.73216623303773	2.440199865354592e-06	0.8399754051945462	0.13631405899795224	0.007192064527998843	0.0044498690822492954	0.012063772848288395	-4.835999630327829e-07
9.833542964631873	1.8757281498821181e-06	0.8297650822933331	0.14438147616812527	0.007895665436840492	0.0048777107346843415	0.01307528440631122	-4.2471458174795136e-07
9.934919696226016	1.4379056776474775e-06	0.8191464820096497	0.1526507734940803	0.00865661141277351	0.005340568262627099	0.014200599859479341	-3.6366327338093753e-07
10.03629642782016	1.0992764045476718e-06	0.8081219736043426	0.1611028577694926	0.009478314847834292	0.005840654558333273	0.015450824925861386	-3.0049369766489707e-07
10.137673159414302	8.381069052888891e-07	0.7966954074215834	0.1697165453961709	0.010364261489013022	0.006380257294610107	0.016837517105322324	-2.3526411192935053e-07
10.239049891008445	6.372472013020327e-07	0.7848721517575455	0.1784686035188105	0.011317998061595473	0.0069617349707755604	0.018372624539729522	-1.680433838577087e-07
10.340426622602589	4.832061574691217e-07	0.7726591203461546	0.18733381234340132	0.012343118304750787	0.007587512167322352	0.020068415146925474	-9.891091641074934e-08
10.44180335419673	3.6540373990786006e-07	0.7600647899454287	0.19628504907998093	0.01344324738712606	0.008260073970273825	0.021937396201700626	-2.795648242849977e-08
10.543180085790874	2.755684677417895e-07	0.7470992075828192	0.20529339369405333	0.014622024682920072	0.008981959529588097	0.023992224695191914	4.4720032448411496e-08
10.644556817385018	2.0725358898616917e-07	0.7337739871021132	0.21432825637870628	0.015883084903006103	0.009755754719984201	0.026245608967728803	1.1900897870483483e-07
10.74593354897916	1.5544995604533482e-07	0.7201022947468322	0.2233575263749645	0.017230037591106896	0.010584083877244476	0.028710202276431545	1.9479138265315345e-07
10.847310280573303	1.1627735720317153e-07	0.7060988236144775	0.23234774147532133	0.018666445011721107	0.011469600588399074	0.0313984891248703	2.7193947457398593e-07
10.948687012167447	8.673925873043459e-08	0.691779756921129	0.24126427724917907	0.02019579847436488	0.012414977520223885	0.03432266534468541	3.503173016851862e-07
11.050063743761589	6.452860336582274e-08	0.6771627201253629	0.25007155473383746	0.02182149315760434	0.013422895277175908	0.037494513074987995	4.297814210701722e-07
11.151440475355733	4.787456377444187e-08	0.6622667220727486	0.2587332650456109	0.02354680151616803	0.014496030287234746	0.04092527193128655	5.101816664742819e-07
11.252817206949876	3.5422026139345323e-08	0.6471120854357214	0.26721260908766803	0.025374845374973837	0.015637041722092206	0.044625507788315255	5.913619817144049e-07
11.354193938544018	2.613713456404881e-08	0.6317203668367884	0.27547255026929196	0.02730856683498913	0.01684855746670135	0.04860498071725807	6.731613123646606e-07
11.455570670138162	1.9233510262153565e-08	0.6161142671542167	0.28347607791036084	0.0293506981372456	0.018133159162317034	0.05287251371441219	7.554145464007609e-07
11.556947401732305	1.411481331333729e-08	0.6003175326169259	0.2911864787896765	0.031503730652814914	0.01949336635678024	0.05743586393249432	8.379534936283201e-07
11.658324133326447	1.0330176180760835e-08	0.5843548473976875	0.2985676141107294	0.033769883187857404	0.020931619805855235	0.0623015981750648	9.206078930043377e-07
11.75970086492059	7.539739196468403e-09	0.5682517185094121	0.3055841990075656	0.03615106981370519	0.0224502639798471	0.06747497443679247	1.0032064364028381e-06
11.861077596514734	5.488086198722082e-09	0.5520343538968384	0.31220208160013624	0.03864886745204287	0.02405152884042419	0.07295983126583702	1.0855777969892751e-06
11.962454328108876	3.98383671284492e-09	0.5357295346940042	0.31838851853577416	0.04126448346430062	0.02573751096345533	0.07875848668829721	1.1675516501648775e-06
12.06383105970302	2.884019152505399e-09	0.5193644826853038	0.32411244392349425	0.04399872351206122	0.027510154094637498	0.084871648367848	1.2489596750293384e-06
12.165207791297163	2.0821439721074487e-09	0.5029667240636841	0.32934472858221836	0.046851959971292656	0.029371229235630507	0.09129833657630071	1.3296365244926512e-06
12.266584522891305	1.4991302822264418e-09	0.48656395062273455	0.334058426583522	0.049824101197237285	0.031322314369210444	0.09803582142346463	1.4094207525450156e-06
12.367961254485449	1.0764255634918235e-09	0.4701838795494404	0.3382290061740589	0.052914561948504545	0.0333647739424765	0.10507957563852158	1.4881556877644793e-06
12.469337986079593	7.708051973356207e-10	0.4538541130007201	0.341834562311584	0.056122235288033034	0.035499738237268354	0.11242324401197012	1.5656902428983376e-06
12.570714717673734	5.504543026434356e-10	0.4376019986492682	0.34485600823978657	0.059445466284826054	0.037728082766537184	0.12005863039945772	1.6418796512857212e-06
12.672091449267878	3.9202513434976467e-10	0.42145449237268967	0.34727724375849395	0.06288202784345891	0.04005040784432378	0.12797570295945326	1.7165861219807034e-06
12.773468180862022	2.7843418753795433e-10	0.40543802423455594	0.3490852981139702	0.0664290989880735	0.04246701848509432	0.13616261804923532	1.7896794066700906e-06
12.874844912456163	1.9721830001198013e-10	0.3895783688672298	0.3502704457350916	0.07008324592371444	0.044977904795330925	0.14460576294202881	1.8610372728370796e-06
12.976221644050307	1.39311788561965e-10	0.37390052131470397	0.3508262933705275	0.07384040619024848	0.04758272302633026	0.15328981725666932	1.930545879077482e-06
13.07759837564445	9.813965573051482e-11	0.3584285793300112	0.35074983753459393	0.07769587621262462	0.050280777462000735	0.16219783271456964	1.998100050003775e-06
13.178975107238593	6.894728948725812e-11	0.3431856330469645	0.35004149153956965	0.08164430253579623	0.0530710033189414	0.17131133056189965	2.06360344974629e-06
13.280351838832736	4.830653311908327e-11	0.32819366286118945	0.34870508177406123	0.0856796770132011	0.05595195083811414	0.18061041572274847	2.1269686546518144e-06
13.38172857042688	3.375285763771384e-11	0.3134734462618572	0.34674781327430415	0.08979533619430924	0.05892177074787939	0.1900739064866587	2.188117127358645e-06
13.483105302021022	2.351967035237553e-11	0.2990444742545779	0.3441802050218298	0.0939839651294765	0.061978201276961215	0.19967947828623675	2.246979095964611e-06
13.584482033615165	1.6344359959690654e-11	0.28492487790905774	0.3410159957804619	0.09823760577931158	0.06511855689295701	0.2094038198922736	2.3034933434721914e-06
13.685858765209309	1.132714895183981e-11	0.27113136545385286	0.3372720216520097	0.10254767018117364	0.06833971893724552	0.2192228001494362	2.3576069140655057e-06
13.78723549680345	7.82869384927638e-12	0.2576791702264572	0.33296806687745384	0.10690495848751363	0.07163812832053273	0.22911164319913985	2.409274744022255e-06
13.888612228397594	5.396025746510692e-12	0.24458200967161237	0.32812668973338405	0.11129968194985441	0.07500978043477344	0.23904510999127757	2.458459226166509e-06
13.989988959991738	3.709152775492177e-12	0.23185205546569843	0.3227730256669488	0.1157214908786413	0.07845022242681458	0.2489976837760654	2.5051297177055785e-06
14.09136569158588	2.542678410213421e-12	0.2194999147318626	0.31693457007217946	0.12015950756339432	0.081954552966842	0.25894375719375495	2.5492620020491464e-06
14.192742423180023	1.738297695256975e-12	0.2075346222006613	0.31064094333248743	0.12460236409001496	0.0855174246306053	0.26885781854505864	2.5908377157680704e-06
14.294119154774167	1.185148792540295e-12	0.19596364306578093	0.3039236409353439	0.12903824494325053	0.08913304899851428	0.27871463482978875	2.6298437522045954e-06
14.395495886368309	8.058191936722854e-13	0.18479288618513676	0.29681577160335104	0.1334549342327433	0.09279520455712717	0.28848942918567944	2.6662716533898306e-06
14.496872617962453	5.464096263379595e-13	0.17402672718548645	0.2893517864796326	0.13783986733135445	0.09649724746939213	0.2981580504430553	2.7001170018571816e-06
14.598249349556596	3.6950054337029765e-13	0.1636680409446177	0.28156720245404343	0.1421801866651606	0.10023212525939179	0.30769713263268256	2.731378823665163e-06
14.699626081150738	2.491884025611043e-13	0.15371824285003333	0.2734983227202763	0.14646280134628378	0.10399239343543479	0.31708424244174316	2.760059013466808e-06
14.801002812744882	1.6759327039624488e-13	0.1441773381675599	0.2651819576134938	0.15067445029315443	0.1077702350523058	0.3262980128037117	2.7861617917968396e-06
14.902379544339025	1.1240906379053083e-13	0.13504397879795194	0.2566551486953404	0.15480176843854043	0.11155748318952932	0.3353182610286489	2.8096932039066433e-06
15.003756275933167	7.519034730938246e-14	0.12631552665470788	0.2479548989305152	0.1588313555843211	0.11534564629783711	0.34412609012714246	2.8306606684788365e-06
15.10513300752731	5.015784350821694e-14	0.11798812286213942	0.23911791163957996	0.16274984742411858	0.11912593634088256	0.35270397224945615	2.849072583418817e-06
15.206509739121454	3.3368111383628744e-14	0.11005676194925246	0.23018034071997276	0.1665439882210942	0.12288929963386447	0.3610358134465717	2.86493799467328e-06
15.307886470715596	2.2138102916810662e-14	0.10251537020205355	0.22117755440538206	0.17020070459899006	0.1266264502553697	0.36910699925668267	2.8782663326905782e-06
15.40926320230974	1.4647556530804233e-14	0.09535688733420923	0.2121439145872327	0.17370717988031867	0.13032790588367762	0.3769044209240051	2.889067219741353e-06
15.510639933903883	9.665091473074555e-15	0.08857335064310662	0.20311257345578754	0.17705092838690278	0.1339840258842654	0.3844164823611652	2.8973503498874464e-06
15.612016665498025	6.360082654308207e-15	0.08215598083473816	0.194115288937242	0.180219869105094	0.1375850514515878	0.3916330882665485	2.903125441950031e-06
15.713393397092169	4.173837684383044e-15	0.07609526872579735	0.18518226011222055	0.18320239811124023	0.14112114758564795	0.3985456140985968	2.9064022644113285e-06
15.814770128686312	2.7316456207445038e-15	0.07038106206415239	0.17634198350527297	0.18598745915254364	0.1445824466626918	0.40514685888514346	2.907190729814316e-06
15.916146860280454	1.7829089441358792e-15	0.06500265174862196	0.16762113083920055	0.1885646117844798	0.14795909333982507	0.411430982102748	2.9055010549261367e-06
16.017523591874596	1.1605129079039818e-15	0.05994885677482615	0.15904444855701722	0.1909240964784821	0.15124129051569055	0.41739342609437735	2.9013439817262882e-06
16.11890032346874	7.533326527651916e-16	0.05520810728486849	0.150634679132434	0.1930568961325985	0.1544193460538142	0.42303082569982825	2.8947310531905946e-06
16.220277055062883	4.876852426238565e-16	0.05076852515377463	0.1424125039209949	0.194954793443172	0.15748371996203042	0.42834090694877086	2.885674936884114e-06
16.321653786657027	3.148534388907255e-16	0.0466180016039919	0.13439650705198064	0.19661042362706885	0.16042507171072856	0.43332237680851665	2.874189788565376e-06
16.42303051825117	2.0271844834462006e-16	0.042744271399894916	0.12660315962908014	0.1980173220212854	0.16323430736469052	0.437974806085564	2.860291647352205e-06
16.524407249845314	1.3016496644615273e-16	0.039134983236200495	0.1190468232982201	0.1991699661295274	0.1659026261981597	0.4422985076502928	2.84399885351415e-06
16.625783981439454	8.335102661671188e-17	0.03577776599658719	0.11173977205594526	0.2000638117331154	0.1684215664605976	0.446294412187177	2.825332479643001e-06
16.727160713033598	5.3228447697127725e-17	0.032660290620794896	0.10469223101289338	0.20069532273581048	0.17078304996143223	0.4499639436685636	2.8043167658125283e-06
16.82853744462774	3.389945014065665e-17	0.029770327379267124	0.09791243069523047	0.2010619944682716	0.17297942514602507	0.45330889670910346	2.780979549369466e-06
16.929914176221885	2.153066837888787e-17	0.027095798413280615	0.0914066753628482	0.20116237023722205	0.1750035083420934	0.45633131788158765	2.7553526801948652e-06
17.03129090781603	1.3637613405498529e-17	0.0246248254548561	0.08517942374667564	0.2009960509663072	0.1768486228658963	0.45903339296519163	2.727472412630156e-06
17.132667639410172	8.61460251167647e-18	0.022345772694001446	0.07923338055807018	0.20056369783935485	0.17850863569056696	0.4614173419563634	2.6973797657649266e-06
17.234044371004313	5.4268537380026165e-18	0.020247284810539383	0.07356959709999791	0.19986702792153901	0.17997799139495838	0.463485323503814	2.6651208444202324e-06
17.335421102598456	3.409392452949761e-18	0.018318320233539683	0.0681875793112276	0.1989088027990274	0.18125174313012904	0.4652393502356167	2.6307471139170527e-06
17.4367978341926	2.1361014717310726e-18	0.016548179732910447	0.0630854015993735	0.19769281034229466	0.18232558036197113	0.46668121623206316	2.5943156225774596e-06
17.538174565786743	1.3346972577408397e-18	0.014926530484794585	0.05825982486433125	0.1962238397616263	0.18319585317228052	0.46781243766667124	2.5558891668476808e-06
17.639551297380887	8.31686519563284e-19	0.013443425784944785	0.0537064171782848	0.19450765018468544	0.18385959292655701	0.4686342073938134	2.5155363949387467e-06
17.74092802897503	5.168357677561715e-19	0.012089320612149679	0.04941967566962121	0.19255093304463805	0.1843145291447586	0.4691473640091834	2.473331845931926e-06
17.84230476056917	3.203033389224736e-19	0.010855083267082899	0.04539314825330311	0.19036126862254887	0.1845591024408367	0.4693523756531386	2.429355922373146e-06
17.943681492163314	1.9796407064290325e-19	0.009732003330727546	0.041619553956965295	0.18794707713894476	0.18459247342785107	0.4692493385711934	2.383694795463512e-06
18.045058223757458	1.2201895186845938e-19	0.00871179620093454	0.03809090070767974	0.18531756483601472	0.18441452751749687	0.4688379901948364	2.3364402430233495e-06
18.1464349553516	7.500396283889574e-20	0.007786604475896908	0.034798599566456555	0.18248266553336434	0.18402587557563777	0.46811773626348485	2.287689421446687e-06
18.247811686945745	4.597874733392099e-20	0.006948996459605117	0.03173357452371944	0.17945297817614242	0.18342785042859655	0.46708769127855077	2.2375445738557417e-06
18.34918841853989	2.810904334021328e-20	0.006191962066961543	0.02888636709690502	0.17623970092433736	0.18262249924816726	0.4657467313668299	2.1861126775953124e-06
18.45056515013403	1.7137639400699452e-20	0.005508906405477021	0.026247235098870877	0.17285456235583235	0.18161257187623564	0.4640935584358687	2.133505035061939e-06
18.551941881728172	1.042010129728857e-20	0.004893641306676577	0.023806245071007287	0.16930975037322013	0.18040150518219406	0.4621267743313638	2.0798368126308275e-06
18.653318613322316	6.31842575305626e-21	0.004340375073834224	0.021553357996103688	0.1656178394153044	0.1789934035776782	0.45984496355835824	2.025226533115447e-06
18.75469534491646	3.8208662665494955e-21	0.003843700703789532	0.019478508021602	0.1617917165786359	0.17739301584322265	0.4572467830058319	1.9697955277629875e-06
18.856072076510603	2.3042563512477636e-21	0.0033985828297088405	0.017571674032605556	0.15784450725242485	0.1756057084499228	0.45433105701966964	1.913667354248538e-06
18.957448808104747	1.385848494231194e-21	0.0030003436190884636	0.0158229440148457	0.15378950086187593	0.1736374355858251	0.45109687610278204	1.8569671874785815e-06
19.058825539698887	8.312214092020166e-22	0.0026446478473776125	0.01422257223993238	0.14964007730064854	0.1714947061212797	0.44754369748378087	1.7998211902493224e-06
19.16020227129303	4.972029444732876e-22	0.0023274873526504813	0.012761029388036476	0.14540963461305273	0.1691845477696549	0.44367144578697976	1.7423558709283562e-06
19.261579002887174	2.9659694160619134e-22	0.00204516506106861	0.011429045796302231	0.14111151846112624	0.16671446871941578	0.4394806120560826	1.6846974353419983e-06
19.362955734481318	1.7644755716311513e-22	0.0017942787567321594	0.010217648084590853	0.13675895388132872	0.1640924170304457	0.43497234943071256	1.6269711399597096e-06
19.46433246607546	1.0468407910825651e-22	0.0015717047531715878	0.00911818946363201	0.13236497980073114	0.16132673810149575	0.4301485638475723	1.5693006532774877e-06
19.565709197669605	6.193863482795327e-23	0.0013745816074124395	0.008122374074483608	0.12794238674379813	0.15842613052667362	0.4250119982346998	1.5118074320211692e-06
19.667085929263745	3.65475800588214e-23	0.001200294001458324	0.007222275742700167	0.12350365811872624	0.15539960066686517	0.41956630878589274	1.4546101184267e-06
19.76846266085789	2.1506593594526725e-23	0.0010464569003633128	0.0064103515562371795	0.11906091542741255	0.15225641626687883	0.41381613204051015	1.3978239644170732e-06
19.869839392452032	1.2621199624921648e-23	0.0009109000809527368	0.005679450693427951	0.114625867696096	0.14900605945092035	0.40776714164886574	1.3415602879948123e-06
19.971216124046176	7.386618144163851e-24	0.0007916531108327352	0.0050228189369934	0.11020976537515265	0.14565817942776846	0.4014260938724543	1.2859259666151234e-06
20.07259285564032	4.311284336337444e-24	0.0006869308437043586	0.004434099312686313	0.10582335890707258	0.14222254523281502	0.39480086104831275	1.2310229717091522e-06
20.173969587234463	2.5094797131188896e-24	0.000595119484248785	0.003907329287563097	0.10147686211189234	0.1387089988270429	0.38790045243481575	1.176947947899927e-06
20.275346318828603	1.4567221276479537e-24	0.0005147632640331024	0.0034369349537825737	0.09717992048990706	0.13512740886318098	0.3807350220490421	1.1237918398064248e-06
20.376723050422747	8.433070877130238e-25	0.0004445517590371817	0.0030177226100196568	0.09294158449290182	0.13148762541685768	0.373315863300387	1.071639568674301e-06
20.47809978201689	4.868675043513514e-25	0.0003833078695470449	0.0026448681348106465	0.08877028776796243	0.12779943596575719	0.3656553904183183	1.0205697604152397e-06
20.579476513611034	2.8031854633315526e-25	0.00032997647429100496	0.0023139045251529375	0.0846738303326301	0.12407252288277125	0.3577671068611281	9.706545259899928e-07
20.680853245205178	1.6095663389685543e-25	0.0002836137628119406	0.002020707950170304	0.08065936659722438	0.12031642269017065	0.3496655610744467	9.219592944419201e-07
20.78222997679932	9.21683759018859e-26	0.00024337724313788778	0.0017614826442861828	0.0767333981099544	0.1165404873011291	0.34136629014057407	8.745426982860551e-07
20.88360670839346	5.263455964312203e-26	0.00020851641580676983	0.0015327449377347192	0.07290177086332505	0.11275384745278157	0.3328857520199869	8.284565103904468e-07
20.984983439987605	2.997616412855575e-26	0.00017836410017185722	0.0013313066949406172	0.0691696769666148	0.10896537851165206	0.32424124723259923	7.837456309580004e-07
21.08636017158175	1.7025392282067495e-26	0.00015232839461387648	0.0011542584038138199	0.06554166045908909	0.10518366880802	0.3154508309567092	7.404481227333194e-07
21.187736903175892	9.643489272980653e-27	0.00012988524875767737	0.0009989521317728643	0.06202162701228629	0.10141699063087242	0.30653321663649646	6.985952921241996e-07
21.289113634770036	5.447375100045898e-27	0.00011057162297922751	0.000862984537711558	0.05861285724730641	0.09767327398980079	0.2975076722833348	6.582118135447632e-07
21.39049036636418	3.06871365674054e-27	9.397920832837636e-05	0.0007441801034754939	0.05531802337459284	0.09396008322479843	0.2883939107311421	6.193158939586744e-07
21.49186709795832	1.724016650794783e-27	7.974867842358568e-05	0.0006405747239801497	0.05213920884924341	0.09028459651966922	0.2792119751610165	5.819194743277989e-07
21.593243829552463	9.659230971631049e-28	6.756444383732019e-05	0.0005503997720869155	0.049077930724368495	0.08665358834991212	0.2699821212453063	5.460284644542578e-07
21.694620561146607	5.397089888017835e-28	5.714987891813905e-05	0.00047206673291242215	0.04613516437834643	0.08307341487174597	0.2607246972761779	5.11643007541609e-07
21.79599729274075	3.0074108112493913e-28	4.826299083787733e-05	0.00040415248248723725	0.04331137028886191	0.07955000223558802	0.25146002363908143	4.787577706924114e-07
21.897374024334894	1.6712517196599533e-28	4.069250084265397e-05	0.00034538526766740145	0.04060652252719024	0.0760888377850222	0.2422082729680691	4.473622575028391e-07
21.998750755929038	9.262047049863035e-29	3.425430818132513e-05	0.0002946314279624471	0.03802013865008347	0.07269496408125299	0.2329893522786191	4.1744113890750073e-07
22.100127487523178	5.119035055548123e-29	2.878830792996112e-05	0.0002508828854698753	0.0355513106735899	0.06937297567340803	0.223822788315758	3.889745984661188e-07
22.20150421911732	2.8215336209512035e-29	2.4155534877889906e-05	0.00021324541636320667	0.0331987368229271	0.06612701851696677	0.2147276172822804	3.619386883645816e-07
22.302880950711465	1.550952012843878e-29	2.0235606753349344e-05	0.00018092770630965456	0.030960753764844043	0.06296079192616665	0.20572228002538884	3.3630569252216523e-07
22.40425768230561	8.502125220711948e-30	1.6924441303078908e-05	0.00015323118271575595	0.028835369043445264	0.05987755293156176	0.19682452366187547	3.1204449335012803e-07
22.505634413899752	4.648069770596643e-30	1.4132223064455829e-05	0.00012954060872187988	0.026820293456907583	0.056880122901060454	0.1880513105139766	2.8912093889014385e-07
22.607011145493896	2.5341585615238646e-30	1.1781597056226278e-05	0.00010931541728478553	0.02491297313057168	0.05397089627178001	0.17941873511217635	2.674982072694955e-07
22.708387877088036	1.3778785419579412e-30	9.806068033801907e-06	9.2081758389576e-05	0.023110621061231483	0.051151851230959465	0.17094194989955516	2.471371656392181e-07
22.80976460868218	7.471436224636932e-31	8.148585383005447e-06	7.742522830216234e-05	0.0214102479277581	0.04842456217696261	0.16263510014678834	2.2799672100689548e-07
22.911141340276323	4.040296671914152e-31	6.760295150898266e-06	6.498424669290882e-05	0.019808691984185757	0.04579021378606187	0.15451126845957577	2.1003416063329e-07
23.012518071870467	2.178905639677336e-31	5.59944210692942e-06	5.4444045314406344e-05	0.01830264787275987	0.043249616507175834	0.1465824291330619	1.9320547992716394e-07
23.11389480346461	1.171870428802712e-31	4.630406086336691e-06	4.5531230587218544e-05	0.016888694215937503	0.04080322330498762	0.1388594124825381	1.7746569604166906e-07
23.215271535058754	6.285455743675133e-32	3.8228581777377535e-06	3.8008881827100516e-05	0.015563319867674952	0.03845114747181263	0.131351879158113	1.6276914564473754e-07
23.316648266652894	3.36209480428724e-32	3.1510235686260657e-06	3.1672146831698626e-05	0.014322948725307368	0.03619318133012936	0.12406830433469171	1.490697656016749e-07
23.418024998247038	1.7934907590643903e-32	2.5930390520345625e-06	2.6344297036749757e-05	0.013163963023706985	0.03402881565072818	0.11701597155894705	1.3632135556751905e-07
23.51940172984118	9.54122936849089e-33	2.130394318122786e-06	2.187320536144826e-05	0.012082725053012626	0.03195725961586078	0.11020097593325569	1.244778217369746e-07
23.620778461435325	5.062039554825235e-33	1.7474472066014712e-06	1.8128211107834935e-05	0.011075597259886983	0.02997746116245582	0.10362823622385926	1.1349340123843731e-07
23.72215519302947	2.6783216856637325e-33	1.4310040756804199e-06	1.4997337785761295e-05	0.010138960709845287	0.028088127547285485	0.09730151539769594	1.0332286688382914e-07
23.823531924623612	1.4132400814272011e-33	1.1699573518875184e-06	1.2384831437134995e-05	0.00926923190459036	0.026287745983777908	0.09122344902008563	9.392171219593839e-08
23.924908656217752	7.43678386369161e-34	9.549731627145341e-07	1.0208988872645283e-05	0.008462877963397555	0.02457460420883995	0.0853955808842137	8.52463168284341e-08
24.026285387811896	3.902746819230354e-34	7.782227261499131e-07	8.400247160439102e-06	0.007716430191351295	0.022946810847441677	0.07981840519344208	7.725409266969724e-08
24.12766211940604	2.0425448539080526e-34	6.331518718205587e-07	6.899507675958393e-06	0.0070264960696002415	0.021402315452682997	0.07449141457894214	6.990361107945821e-08
24.229038851000183	1.0660776322961845e-34	5.14283711339214e-07	5.656669998783177e-06	0.0063897697137459365	0.01993892810947179	0.06941315320791326	6.31547118465664e-08
24.330415582594327	5.549093794035327e-35	4.170500554900869e-07	4.6293528955506985e-06	0.0058030408560109095	0.018554338500667997	0.0645812742214487	5.696859457702211e-08
24.43179231418847	2.880522719142682e-35	3.376476997440925e-07	3.7817815332112405e-06	0.0052632024149592725	0.017246134345454554	0.05999260073552211	5.130789332382727e-08
24.53316904578261	1.491202247025381e-35	2.7291617155089654e-07	3.083821904571941e-06	0.004767256723299634	0.016011819130667456	0.05564318964303143	4.613673535470213e-08
24.634545777376754	7.698707135941592e-36	2.202339559054245e-07	2.5101452033679783e-06	0.004312320489732395	0.0148488290667384	0.05152839746866367	4.142078502088097e-08
24.735922508970898	3.963830306879453e-36	1.7743059177455223e-07	2.0395065481140756e-06	0.003895628574970846	0.013754549210671764	0.04764294755077188	3.71272737408503e-08
24.83729924056504	2.0352994435257132e-36	1.4271236981056035e-07	1.6541240153442585e-06	0.003514536665036143	0.012726328708991931	0.043980997854589345	3.322501714794894e-08
24.938675972159185	1.0422156228606391e-36	1.1459965765237001e-07	1.339145399153742e-06	0.003166522926780376	0.011761495123777846	0.04053620875804982	2.9684420471299602e-08
25.04005270375333	5.322342876065296e-37	9.187414351519152e-08	1.082191463335451e-06	0.002849188731412279	0.010857367814666138	0.03730181019423974	2.647747322670633e-08
25.14142943534747	2.710591828003736e-37	7.353452119440718e-08	8.729656950683925e-07	0.002560258531678121	0.010011270358989301	0.034270667582096626	2.3577734289169434e-08
25.242806166941612	1.3767066342130484e-37	5.8759341947656196e-08	7.029217069690087e-07	0.002297578977377906	0.009220542000963502	0.03143534602838943	2.096030840278554e-08
25.344182898535756	6.973241256750395e-38	4.687593890828623e-08	5.649804706062767e-07	0.0020591173521694946	0.008482548129006853	0.028788172338271384	1.8601815158292535e-08
25.4455596301299	3.522443062828572e-38	3.733448405984774e-08	4.5329050357996497e-07	0.0018429594122245884	0.007794689787814132	0.0263212944278345	1.648035143466072e-08
25.546936361724043	1.7744725190338796e-38	2.968637513589556e-08	3.6302497900178e-07	0.001647306704345139	0.007154412238715588	0.02402673778919217	1.4575448260177221e-08
25.648313093318187	8.914778953198661e-39	2.356626505051196e-08	2.9021048625272643e-07	0.0014704734377171034	0.006559212588083787	0.02189645871580532	1.2868023001641914e-08
25.749689824912327	4.466505626585453e-39	1.867715171410822e-08	2.315828510918324e-07	0.0013108829796585684	0.006006646509117546	0.019922394052249527	1.1340327738744605e-08
25.85106655650647	2.2317276641756767e-39	1.4778031076634335e-08	1.844660275901182e-07	0.0011670640415949683	0.0054943340872234455	0.01809650728766604	9.975894625553989e-09
25.952443288100614	1.1120658735295214e-39	1.1673693511848882e-08	1.4667061000535975e-07	0.0010376466171436404	0.005019964823441127	0.016410830865097842	8.75947898333378e-09
26.053820019694758	5.526317535904889e-40	9.206308604348123e-09	1.1640898554996115e-07	0.0009213577296865521	0.0045813018339299775	0.014857504629215746	7.677000809581653e-09
26.1551967512889	2.7387800917933913e-40	7.248498412604221e-09	9.222456480828282e-08	0.0008170170422210504	0.004176185286474147	0.013428810382116822	6.715485328135129e-09
26.25657348288304	1.3536129307399435e-40	5.697647909030934e-09	7.293289085634621e-08	0.0007235323776646115	0.003802535117292036	0.012117202560524554	5.863003145190625e-09
26.357950214477185	6.671873934543496e-41	4.47123982283415e-09	5.757274615743001e-08	0.0006398951932055689	0.003458353073186558	0.010915335087545884	5.108610516844482e-09
26.45932694607133	3.2795720318751826e-41	3.5030382483647315e-09	4.536565295608641e-08	0.0005651760477859033	0.0031417241252762727	0.009816084487910728	4.4422901758912354e-09
26.560703677665472	1.6076907820309929e-41	2.739972027043791e-09	3.568240272874537e-08	0.0004985200974159101	0.002850817301240282	0.008812569387205434	3.8548931096399325e-09
26.662080409259616	7.859662081797139e-42	2.139594557082347e-09	2.8015457474429367e-08	0.00043914264878996517	0.0025838859832315385	0.00789816654294479	3.3380816268674523e-09
26.76345714085376	3.8319623402027174e-42	1.6680178904771026e-09	2.195624409178664e-08	0.00038632479762679253	0.0023392677184030063	0.007066523578412736	2.884274001077961e-09
26.8648338724479	1.863179063045926e-42	1.2982358521540505e-09	1.7176516287749864e-08	0.00033940917432079325	0.0021153835883906892	0.006311568609115288	2.486590929266983e-09
26.966210604042043	9.034496697475236e-43	1.0087648494305768e-09	1.341308956095839e-08	0.0002977958158814374	0.0019107371831487787	0.00562751696655543	2.138804000603953e-09
27.067587335636187	4.368872160426936e-43	7.825453063325938e-10	1.0455366641231484e-08	0.00026093817976902134	0.0017239132232767876	0.005008875235035022	1.8352863279901163e-09
27.16896406723033	2.106932951158072e-43	6.060550949982257e-10	8.135165884273687e-09	0.00022833931211600916	0.0015535758734571787	0.004450442824533655	1.5709654574107696e-09
27.270340798824474	1.0133234636818494e-43	4.685948296057063e-10	6.3184457762378586e-09	0.00019954817995857608	0.0013984667878757932	0.003947311306666227	1.3412786354047624e-09
27.371717530418618	4.860282217012799e-44	3.6171415862540357e-10	4.898586893276966e-09	0.0001741561744937081	0.0012574029265640422	0.0034948617415463106	1.1421304838001553e-09
27.473094262012758	2.324828289533599e-44	2.787506891976932e-10	3.7909501458282375e-09	0.0001517937900210246	0.0011292741795191593	0.003088760221401507	9.698531030621888e-10
27.5744709936069	1.1090120902426374e-44	2.1446117104417795e-10	2.928478458155524e-09	0.00013212748112024838	0.0010130408332614295	0.0027249518522892554	8.211686010562747e-10
27.675847725201045	5.2759137243263634e-45	1.6472645469889358e-10	2.258149536689964e-09	0.0001148566987473266	0.0009077309122083998	0.002399653388582433	6.931540226329066e-10
27.77722445679519	2.5030820995410518e-45	1.2631645729399565e-10	1.7381212360289238e-09	9.971110429499626e-05	0.0008124374249155983	0.0021093447263406603	5.832086370303951e-10
27.878601188389332	1.1843184880882243e-45	9.670259037974915e-11	1.3354392521210582e-09	8.644795924591284e-05	0.0007263155428798196	0.001850759451575755	4.89023524503917e-10
27.979977919983476	5.588277046284652e-46	7.390904555037991e-11	1.0242003318284654e-09	7.484968683572008e-05	0.0006485797372492614	0.0016208746280518367	4.085533906319475e-10
28.081354651577616	2.6296827260454975e-46	5.639477773655699e-11	7.840836373327277e-10	6.472160112625844e-05	0.0005785008964579572	0.0014168999969351459	3.399905262380681e-10
28.18273138317176	1.2340841759005513e-46	4.295963584866058e-11	5.991789852656334e-10	5.5889798051366025e-05	0.0005154034455197728	0.0012362667475827	2.817408225909349e-10
28.284108114765903	5.775667971102934e-47	3.2671088057156794e-11	4.570539420403368e-10	4.819920232499664e-05	0.000458662485497478	0.0010766160052964845	2.3240174530466736e-10
28.385484846360047	2.6957254519350715e-47	2.4805490994594948e-11	3.4801266444943376e-10	4.151176357908562e-05	0.000407700969519798	0.0009357871681968289	1.907421659642069e-10
28.48686157795419	1.2547728252512753e-47	1.8802348566993032e-11	2.6450832275893687e-10	3.5704794712313036e-05	0.00036198692966666934	0.0008118062116930006	1.5568394773013406e-10
28.588238309548334	5.824659672980887e-48	1.4228451750142312e-11	2.0067826537343516e-10	3.066944516641471e-05	0.00032103076709018156	0.0007028740655343773	1.262851798608288e-10
28.689615041142474	2.696447760875271e-48	1.074934585787446e-11	1.5197705998120952e-10	2.6309301690276895e-05	0.0002843826158940043	0.0006073551552768954	1.017249560313625e-10
28.790991772736618	1.2448856819213574e-48	8.107514659627668e-12	1.148874110154629e-10	2.253910909049387e-05	0.00025162978956343185	0.0005237661873215726	8.128959235425797e-11
28.89236850433076	5.731693227987268e-49	6.1048388566575795e-12	8.669290386508889e-11	1.9283603487876728e-05	0.00022239431712560017	0.0004507652446019894	6.436018295990128e-11
28.993745235924905	2.6317971316521696e-49	4.589217894590547e-12	6.529972638476528e-11	1.6476450690761315e-05	0.0001963305747272446	0.00038714124859219807	5.040139371002293e-11
29.09512196751905	1.2051410662040314e-49	3.4441338669921606e-12	4.9097104043649726e-11	1.4059282446907954e-05	0.00017312301694647598	0.00033180383265366627	3.8951397965677334e-11
29.196498699113192	5.503505023243155e-50	2.5804913761362513e-12	3.6848269314018954e-11	1.1980823536134295e-05	0.00015248401090471229	0.0002837736618857669	2.9612862175399635e-11
29.297875430707332	2.506437351703161e-50	1.930233750613297e-12	2.7605461809952294e-11	1.0196102906271217e-05	0.0001341517751133713	0.00024217322561938398	2.20448932759448e-11
29.399252162301476	1.1383880961051968e-50	1.4414025528708407e-12	2.064379997962578e-11	8.66574232711984e-06	0.00011788842397426796	0.0002062181205136851	1.595586440202859e-11
29.50062889389562	5.1563197750163195e-51	1.0746403766859203e-12	1.5409940851832358e-11	7.355316333195863e-06	0.00010347811794908046	0.00017520883488318797	1.1097040089681778e-11
29.602005625489763	2.3291922958536753e-51	7.998046669399628e-13	1.148230304294244e-11	6.234777539380121e-06	9.072531861715861e-05	0.00014852303838190005	7.256926951433101e-12
29.703382357083907	1.0492690245739928e-51	5.943023850818463e-13	8.540312084033939e-12	5.277941738153486e-06	7.945314714723381e-05	0.00012560837548062964	4.256280621614378e-12
29.80475908867805	4.713943411489793e-52	4.4086956307864966e-13	6.340670443314516e-12	4.462027517628641e-06	6.950184411154035e-05	0.00010597575626467666	1.943704571618415e-12
29.90613582027219	2.112019299120335e-52	3.2651659154225854e-13	4.699085261311406e-12	3.7672454715724583e-06	6.0727328064516725e-05	8.919313390501918e-05	1.917811067379003e-13
30.007512551866334	9.436857674750983e-53	2.414179967047403e-13	3.4762273518980957e-12	3.176432402172969e-06	5.299984988636572e-05	7.487975468045497e-05	-1.1063205434217985e-12
30.108889283460478	4.2050671277431055e-53	1.7819079545233762e-13	2.5669636769746404e-12	2.674726240198621e-06	4.620273954794297e-05	6.270086359547395e-05	-2.039809690038169e-12
30.21026601505462	1.868677971972904e-53	1.3128387266192476e-13	1.892116957481349e-12	2.2492777227409464e-06	4.023124168128475e-05	5.236284640035283e-05	-2.6828595944553622e-12
30.311642746648765	8.281557172253124e-54	9.658940314238862e-14	1.392172132625717e-12	1.8889951737642151e-06	3.499143613321292e-05	4.360878712152931e-05	-3.096855154091076e-12
30.41301947824291	3.6602061615803916e-54	7.09432512735475e-14	1.0224794729484366e-12	1.5843190255027042e-06	3.0399239531571052e-05	3.6214418998768315e-05	-3.3323413562050072e-12
30.51439620983705	1.61329986074597e-54	5.2013948703688584e-14	7.49605843508233e-13	1.3270229980656363e-06	2.6379483798660014e-05	2.9984445944231923e-05	-3.430707377879189e-12
30.615772941431192	7.09154152069054e-55	3.808064974464287e-14	5.48564921086725e-13	1.110039119511627e-06	2.286506749844431e-05	2.4749211242056412e-05	-3.4256378264944814e-12
30.717149673025336	3.10872430650923e-55	2.781108676686017e-14	4.0071888026331585e-13	9.273040185422948e-07	1.9796175897483348e-05	2.036169013668089e-05	-3.344359465621461e-12
30.81852640461948	1.359063575005259e-55	2.0317081350640365e-14	2.921919732939498e-13	7.736241565184448e-07	1.71195656489375e-05	1.669478317273563e-05	-3.208708852096879e-12
30.919903136213623	5.925340907533604e-56	1.4765966227514582e-14	2.1267354060706861e-13	6.445578846408001e-07	1.4787910069408204e-05	1.363888760196137e-05	-3.0360436155399753e-12
31.021279867807767	2.5763384573307337e-56	1.0769163338864018e-14	1.5451667169124784e-13	5.36312415978425e-07	1.2759201065086294e-05	1.109972481818573e-05	-2.8400176406461573e-12
31.122656599401907	1.1171422983087104e-56	7.827072323607354e-15	1.1206085505830424e-13	4.4565399085649943e-07	1.0996203872362136e-05	8.996402590800734e-06	-2.631238146352611e-12
31.22403333099605	4.830922611593569e-57	5.662137425588298e-15	8.112397502726615e-14	3.698296883502924e-07	9.465960904700127e-06	7.259691792192768e-06	-2.417820600171762e-12
31.325410062590194	2.0833760637863257e-57	4.107825191113079e-15	5.862207908807809e-14	3.0649949680087656e-07	8.13934113854633e-06	5.830498337535539e-06	-2.205855532088149e-12
31.426786794184338	8.960273479333593e-58	2.942091015256665e-15	4.228534857636097e-14	2.53677402978987e-07	6.990631623015564e-06	4.658512140273783e-06	-1.999799625136359e-12
31.52816352577848	3.843181234726113e-58	2.1094237467877974e-15	3.044635568185965e-14	2.0968039344643012e-07	5.997167858131036e-06	3.7010160084243875e-06	-1.8028019383039871e-12
31.629540257372625	1.643904068912587e-58	1.5543122344752192e-15	2.1882524420956236e-14	1.7308438351015072e-07	5.138999951813491e-06	2.921838553343753e-06	-1.61697475092637e-12
31.730916988966765	7.012584069631514e-59	1.1102230246251565e-15	1.5699153311945222e-14	1.426861996685456e-07	4.398591634309641e-06	2.2904363235836657e-06	-1.4436172992592461e-12
31.83229372056091	2.983291538459024e-59	7.771561172376096e-16	1.1242729018581747e-14	1.174708413596725e-07	3.760549378268895e-06	1.7810915057953696e-06	-1.2833995890196757e-12
31.933670452155052	1.2656957360082863e-59	5.551115123125783e-16	8.036814773014776e-15	9.658333788262025e-08	3.2113790414612683e-06	1.3722126378704955e-06	-1.1365125015025496e-12
32.03504718374919	5.355240048638241e-60	3.885780586188048e-16	5.7347287235033015e-15	7.930459731186139e-08	2.7392676156722864e-06	1.0457268435206301e-06	-1.0027895595897158e-12
32.136423915343336	2.2596676794955306e-60	2.7755575615628914e-16	4.084684356143622e-15	6.503071677687105e-08	2.3338878283474293e-06	7.865531174023325e-07	-8.818049672060288e-13
32.23780064693748	9.50881088355677e-61	2.220446049250313e-16	2.904161936118233e-15	5.325528832776321e-08	1.986223502042515e-06	5.82147159606628e-07	-7.729518746352219e-13
32.33917737853162	3.990468172698568e-61	1.6653345369377348e-16	2.0611037786053847e-15	4.355429241481359e-08	1.6884137298193739e-06	4.221091730407769e-07	-6.755042445346887e-13
32.44055411012577	1.6700808559236333e-61	1.1102230246251565e-16	1.4601436820040832e-15	3.557322240506279e-08	1.4336140717445238e-06	2.9784689286150894e-07	-5.886651889677821e-13
32.54193084171991	6.970551646849714e-62	5.551115123125783e-17	1.0325427255553408e-15	2.901612913671464e-08	1.2158731180958564e-06	2.0228691713823835e-07	-5.116042086234654e-13
32.643307573314054	2.901434736005706e-62	5.551115123125783e-17	7.288483462661879e-16	2.363631482885432e-08	1.0300228983994408e-06	1.296281442513524e-07	-4.4348538626709045e-13
32.7446843049082	1.2044103197876027e-62	5.551115123125783e-17	5.135503359934107e-16	1.922844123947364e-08	8.715817417721522e-07	7.513180564759321e-08	-3.8348825784291294e-13
32.84606103650234	4.985998403445551e-63	-4.985998403445551e-63	3.611981907756736e-16	1.5621848280623382e-08	7.366683131124086e-07	3.494320313083482e-08	-3.3082280372194324e-13
32.947437768096485	2.05847599738607e-63	-2.05847599738607e-63	2.535857344369891e-16	1.2674906800263734e-08	6.219256614338073e-07	5.940829324010115e-09	-2.8473976003290875e-13
33.04881449969063	8.475307900472905e-64	-8.475307900472905e-64	1.7771364489476716e-16	1.0270253334427049e-08	5.244542211283967e-07	-1.4390933108956132e-08	-2.445372434000368e-13
33.15019123128477	3.48001541125553e-64	-3.48001541125553e-64	1.2431783370818617e-16	8.3107756941185e-09	4.4175280429977073e-07	-2.806887660375705e-08	-2.0956450917634498e-13
33.25156796287891	1.4250262187389036e-64	-1.4250262187389036e-64	8.68086089120553e-17	6.7162366191491705e-09	3.716667126995199e-07	-3.670071756408843e-08	-1.792235123966081e-13
33.35294469447305	5.8194313288167115e-65	-5.8194313288167115e-65	6.050745179435968e-17	5.4204387144156404e-09	3.1234218145775643e-07	-4.1560077839656956e-08	-1.529688169794636e-13
33.454321426067196	2.370032195712157e-65	-2.370032195712157e-65	4.209898583096502e-17	4.368847761957303e-09	2.621864439797263e-07	-4.364891070831091e-08	-1.303062932431821e-13
33.55569815766134	9.62595769932424e-66	-9.62595769932424e-66	2.9238231988966204e-17	3.5166035256021543e-09	2.1983277837274923e-07	-4.374928774198388e-08	-1.1079095607359736e-13
33.65707488925548	3.8989678773728256e-66	-3.8989678773728256e-66	2.0269698327991438e-17	2.8268575596051923e-09	1.8410996087866554e-07	-4.246619987917839e-08	-9.402422316675756e-14
33.75845162084963	1.5749666811511872e-66	-1.5749666811511872e-66	1.4026850437380524e-17	2.2693865000011335e-09	1.5401561133610464e-07	-4.0262794949498485e-08	-7.96508124544134e-14
33.85982835244377	6.344670741866374e-67	-6.344670741866374e-67	9.689240840038888e-18	1.8194370372184175e-09	1.2869297001208623e-07	-3.7489270309911964e-08	-6.735544827397893e-14
33.961205084037914	2.548958783177782e-67	-2.548958783177782e-67	6.680916431790261e-18	1.4567654006045302e-09	1.0741069455334354e-07	-3.440646220408652e-08	-5.685950533336423e-14
34.06258181563206	1.0212511106747947e-67	-1.0212511106747947e-67	4.59831831208069e-18	1.1648398714749082e-09	8.954531064229066e-08	-3.120501775271682e-08	-4.7917686722319156e-14
34.1639585472262	4.080545980276186e-68	-4.080545980276186e-68	3.1592116844803842e-18	9.301797062034702e-10	7.456599052345417e-08	-2.8020902515727093e-08	-4.0314805733210044e-14
34.265335278820345	1.6259980301948568e-68	-1.6259980301948568e-68	2.166581977538275e-18	7.418080049189006e-10	6.202137020783199e-08	-2.4947878101431256e-08	-3.3862720268594355e-14
34.36671201041449	6.461565625482372e-69	-6.461565625482372e-69	1.483160767522266e-18	5.907996013669124e-10	5.152814916919379e-08	-2.204748711791964e-08	-2.83974518383232e-14
34.468088742008625	2.560775517329365e-69	-2.560775517329365e-69	1.0134866571712646e-18	4.699080602624713e-10	4.276124600949077e-08	-1.935699358888189e-08	-2.377650829832225e-14
34.56946547360277	1.0120949635304413e-69	-1.0120949635304413e-69	6.912967983612075e-19	3.7325842410005844e-10	3.544531016865499e-08	-1.6895655412605297e-08	-1.9876419409283335e-14
34.67084220519691	3.9892111433622146e-70	-3.9892111433622146e-70	4.706821831791241e-19	2.9609451650558975e-10	2.9347413550861608e-08	-1.4669642142865806e-08	-1.659048677620594e-14
34.772218936791056	1.568082068286262e-70	-1.568082068286262e-70	3.198951653009907e-19	2.3457143994835183e-10	2.4270767183469118e-08	-1.2675857950939268e-08	-1.3826744170052116e-14
34.8735956683852	6.1470473524541116e-71	-6.1470473524541116e-71	2.1702226779739e-19	1.8558545067308863e-10	2.004932694968037e-08	-1.0904884039560659e-08	-1.1506120273230325e-14
34.97497239997934	2.4031469811505085e-71	-2.4031469811505085e-71	1.4696625306617015e-19	1.466346951734701e-10	1.654316925920545e-08	-9.343218392407908e-09	-9.56079309809048e-15
35.07634913157349	9.369364058746702e-72	-9.369364058746702e-72	9.934537421869406e-20	1.1570538674874481e-10	1.3634532445402836e-08	-7.974956190444297e-09	-7.932723706705964e-15
35.17772586316763	3.6429725594048973e-72	-3.6429725594048973e-72	6.703388373168106e-20	9.117891894720997e-11	1.122443288994071e-08	-6.7830304431645765e-09	-6.572355766857904e-15
35.279102594761774	1.4125950845405128e-72	-1.4125950845405128e-72	4.515000649644902e-20	7.175618186930655e-11	9.229776549856553e-09	-5.7501079108797964e-09	-5.4374671919880085e-15
35.38047932635592	5.462550772153657e-73	-5.462550772153657e-73	3.035553951770503e-20	5.639599039965686e-11	7.580896855831016e-09	-4.859217742967497e-09	-4.492160132667047e-15
35.48185605795006	2.1066349625686695e-73	-2.1066349625686695e-73	2.0372053063107637e-20	4.426507014072981e-11	6.21945900997789e-09	-4.094175150740746e-09	-3.705975954196004e-15
35.583232789544205	8.10212788463698e-74	-8.10212788463698e-74	1.364735048119049e-20	3.4697493917484315e-11	5.096678669205412e-09	-3.4398496331799107e-09	-3.0531224432454268e-15
35.68460952113834	3.1075985146745125e-74	-3.1075985146745125e-74	9.125960711616888e-21	2.7161833498875802e-11	4.1718099769479345e-09	-2.882317247301052e-09	-2.5118012223150236e-15
35.785986252732485	1.1886848339285202e-74	-1.1886848339285202e-74	6.0915182291095665e-21	2.1234599771246698e-11	3.41086401128084e-09	-2.408927341126612e-09	-2.0636242182138996e-15
35.88736298432663	4.534449226808494e-75	-4.534449226808494e-75	4.0587210624661456e-21	1.6578800281511348e-11	2.785524050089062e-09	-2.0083083757784774e-09	-1.6931088708170422e-15
35.98873971592077	1.725036823558125e-75	-1.725036823558125e-75	2.699414434967468e-21	1.2926654538272371e-11	2.2722287032890138e-09	-1.6703313328052117e-09	-1.3872426912594819e-15
36.090116447514916	6.544676766686256e-76	-6.544676766686256e-76	1.792118116814215e-21	1.0065682052309142e-11	1.8513980083296223e-09	-1.3860447639348562e-09	-1.1351086621154663e-15
36.19149317910906	2.4762474384097993e-76	-2.4762474384097993e-76	1.1876279178655205e-21	7.827521991081703e-12	1.5067811002321282e-09	-1.1475928711006527e-09	-9.275637862681049e-16
36.2928699107032	9.343635360427177e-77	-9.343635360427177e-77	7.856169946352436e-22	6.0789617054733684e-12	1.2249071155904793e-09	-9.481236216161945e-10	-7.569639666474512e-16
36.39424664229735	3.5160393672097576e-77	-3.5160393672097576e-77	5.187499224151424e-22	4.7147486134651734e-12	9.946236286046866e-10	-7.816935861402287e-10	-6.169290732858991e-16
36.49562337389149	1.3194944917019065e-77	-1.3194944917019065e-77	3.4191796774629945e-22	3.6518396373248575e-12	8.067091973962867e-10	-6.431737730009783e-10	-5.021427830467094e-16
36.597000105485634	4.9382996551929805e-78	-4.9382996551929805e-78	2.249585509510995e-22	2.8248076303854274e-12	6.53548565855955e-10	-5.281580462424022e-10	-4.081824764710823e-16
36.69837683707978	1.843161126171686e-78	-1.843161126171686e-78	1.4774057735408619e-22	2.182177532316096e-12	5.288607602070656e-10	-4.328775730136854e-10	-3.31374934911797e-16
36.79975356867392	6.860648517199556e-79	-6.860648517199556e-79	9.68531570058439e-23	1.6835084673619749e-12	4.274717757670662e-10	-3.541212496932925e-10	-2.6867422425552407e-16
36.90113030026806	2.546730816288565e-79	-2.546730816288565e-79	6.337886750599165e-23	1.2970733996730344e-12	3.4512479927885187e-10	-2.8916339694002416e-10	-2.1755854073985233e-16
37.0025070318622	9.427942427166318e-80	-9.427942427166318e-80	4.1399192624203386e-23	9.980167347506208e-13	2.7832198312910603e-10	-2.356983380256535e-10	-1.7594326899060904e-16
37.103883763456345	3.480701699464552e-80	-3.480701699464552e-80	2.699329941141065e-23	7.668936063917721e-13	2.241927038668256e-10	-1.9178197016110234e-10	-1.4210784128047453e-16
37.20526049505049	1.2815415575311942e-80	-1.2815415575311942e-80	1.7568584669236694e-23	5.885135049808243e-13	1.803840197814608e-10	-1.5578012956778238e-10	-1.1463432079742689e-16
37.30663722664463	4.705595455731454e-81	-4.705595455731454e-81	1.1413905792679742e-23	4.5102620175740133e-13	1.4496970933156912e-10	-1.2632334519755076e-10	-9.235592425259258e-17
37.408013958238776	1.7231079522006291e-81	-1.7231079522006291e-81	7.401990015927926e-24	3.452002759379225e-13	1.1637484000380963e-10	-1.0226699041173097e-10	-7.431397426327026e-17
